0.0, 
1.1428408490425026, 
1.7825105034177335, 
2.1443494540230152, 
2.348990603077284, 
2.4646897415463425, 
2.530039326738743, 
2.5668932592623874, 
2.5875756988852543, 
2.59910120796835, 
2.605373353167534, 
2.608685349909349, 
2.6102319943691312, 
2.6108566639881055, 
2.6108748315897894, 
2.6107791991543303, 
2.6105633570299345, 
2.6107262186305022, 
2.6108555921943095, 
2.6110999743521184, 
2.6111533998419167, 
2.6111189574744103, 
2.610778478092241, 
2.610240332303688, 
2.6092987189539305, 
2.6081035654193387, 
2.6064063539804785, 
2.604481553309466, 
2.602011840114086, 
2.59956991106221, 
2.5967651748384366, 
2.594752700942439, 
2.5929452512292404, 
2.593195035160163, 
2.59354185235873, 
2.5945306394274956, 
2.5947898602444193, 
2.594732607982754, 
2.5934161231347095, 
2.5912919289132197, 
2.5874964684519486, 
2.5826543772870263, 
2.575738061520999, 
2.567882149300583, 
2.5577810202479005, 
2.5477928422093172, 
2.5363130823808953, 
2.5280928791068717, 
2.520720379199342, 
2.5218137927750974, 
2.523313274786243, 
2.5274609432211705, 
2.5286164394800794, 
2.528480220977622, 
2.5231788641174178, 
2.5145724922626123, 
2.4991187781935005, 
2.4793915910444393, 
2.4511807286305776, 
2.4191606147088978, 
2.3779866379689283, 
2.3373722192218196, 
2.2907524845774563, 
2.257690642329872, 
2.2282895886999206, 
2.2338833023838376, 
2.2412759977831986, 
2.2596829841121053, 
2.2659094051063677, 
2.2670116437266796, 
2.2471739438212817, 
2.2142215227838924, 
2.153873242155723, 
2.0770801588970977, 
1.9671281126118891, 
1.8439199085422955, 
1.6866001244609305, 
1.5360122801135438, 
1.366745271611938, 
1.2588303819062938, 
1.1724426106332908, 
1.2300008930379878, 
1.2981780223456965, 
1.4114332637131568, 
1.4817735565981798, 
1.5382413543572895, 
1.527119081227798, 
1.4834321573031635, 
1.3661605036482791, 
1.2259991785864603, 
1.0236448667113418, 
0.8456584567290264, 
0.6520808960020101, 
0.5904597350373392, 
0.6162102381433564, 
0.7146474412537539, 
0.9733383235891288, 
1.487991563897885, 
2.0262979846077322, 
2.610462904654847, 
3.100321955450081, 
3.536455871118626, 
3.8743168529592595, 
4.15337325928083, 
4.360645334797768, 
4.526232937466001, 
4.645512290348416, 
4.741508872858053, 
4.810613408347235, 
4.874228950800509, 
4.927079528584121, 
4.99444720890464, 
5.065027049118432, 
5.16845821293989, 
5.268482868464001, 
5.372802562014996, 
5.461799780988394, 
5.542456422163034, 
5.606769130407293, 
5.661207845119382, 
5.702870324096113, 
5.736983404469657, 
5.762398905293324, 
5.783352113887601, 
5.79905163556695, 
5.813582095587491, 
5.825891758503522, 
5.840962229438504, 
5.856585654627739, 
5.878886026932199, 
5.900475733373639, 
5.923020892504782, 
5.942330050327843, 
5.959864101574907, 
5.973837020463433, 
5.985589854132419, 
5.99445556702259, 
6.001489123249577, 
6.006436014633487, 
6.010086214851136, 
6.012299285009726, 
6.013745967639653, 
6.014300124326844, 
6.014720444573165, 
6.01482277905507, 
6.015566502225285, 
6.016189075869502, 
6.016953206325937, 
6.01738113901589, 
6.017555084476382, 
6.017251146921802, 
6.016407288428241, 
6.014950106350674, 
6.012620237220177, 
6.009449467824262, 
6.004890375481113, 
5.999112082444394, 
5.991149622392922, 
5.981479621446112, 
5.968597239563572, 
5.95383002143666, 
5.935304551364231, 
5.916935018066301, 
5.8981848931693435, 
5.8811800435628205, 
5.864835288065058, 
5.850048222012871, 
5.835235938843498, 
5.8208756519613205, 
5.804816309601505, 
5.7876508915625875, 
5.766221903015197, 
5.741710968082323, 
5.709104426120295, 
5.670981348575677, 
5.619242632776496, 
5.560205295176522, 
5.482488106633226, 
5.405699778735395, 
5.326417080125185, 
5.256569587944606, 
5.191230070901562, 
5.137006008713329, 
5.087568495858531, 
5.048638160772521, 
5.012612284235952, 
4.988346291342748, 
4.965392617072203, 
4.959975447156605, 
4.952466871682371, 
4.969962999610336, 
4.960155162469548, 
4.960484534787923, 
4.823176800809498, 
4.673895890351858, 
4.424024463325066, 
4.189069187712328, 
3.9049515195612496, 
3.666280738233797, 
3.425950670215787, 
3.2541916739582755, 
3.112153888774743, 
3.0512139379257324, 
3.0322279700184565, 
3.0977352532687092, 
3.1922086972380646, 
3.3548786446806282, 
3.476569978113164, 
3.598140685987143, 
3.5110975977069945, 
3.3828532689109574, 
3.1349452032403775, 
2.901470254244749, 
2.636621547156079, 
2.4217936347371913, 
2.2207556320777506, 
2.0780240302073802, 
1.9630332083897502, 
1.9016163437121996, 
1.8657208791542645, 
1.8738856997592546, 
1.8928252316325886, 
1.9389625780291277, 
1.9605298675000744, 
1.978139077515192, 
1.914030117855306, 
1.8403351374935946, 
1.7331063241095592, 
1.6391889730818043, 
1.5429506951550394, 
1.4685229203098376, 
1.403091875701893, 
1.3587693126941824, 
1.325166535588785, 
1.3093749987196943, 
1.3021360243551854, 
1.3089482348768173, 
1.3188250554509617, 
1.3370510711788357, 
1.3466089142874929, 
1.3546226467377074, 
1.3360671785455167, 
1.3151114857170725, 
1.2842602626441473, 
1.259057908536553, 
1.2343905551577818, 
1.218719617974074, 
1.2075662702650516, 
1.2061339844911019, 
1.2101479114299398, 
1.223979617515873, 
1.2423494578021765, 
1.2699394091364786, 
1.2979264788697493, 
1.3317018967607182, 
1.3549316982931594, 
1.3755563653391591, 
1.3682437067577669, 
1.3593452352937636, 
1.3414399384403826, 
1.3323814147984965, 
1.3266261102308474, 
1.3357130150020855, 
1.3538156428298018, 
1.3906884842459568, 
1.43871771021118, 
1.5088219449564517, 
1.587931022928689, 
1.6894259304161177, 
1.7875038036208009, 
1.8984820546520542, 
1.9732364475115887, 
2.0370548152184234, 
2.0161092535331036, 
1.9908721268854221, 
1.9406896828191365, 
1.9175229489853785, 
1.9046490329528474, 
1.9342987776438607, 
1.9876645206225663, 
2.0908818471059987, 
2.2181722928086405, 
2.3970862284545804, 
2.584482591241126, 
2.812400272873702, 
3.0051307145177466, 
3.203409626738632, 
3.2880983713314786, 
3.328833937749452, 
3.181957616054489, 
3.0251453177963397, 
2.8258473879417014, 
2.665545208213512, 
2.516205115736093, 
2.4088621340339826, 
2.3210212752606982, 
2.265494714384613, 
2.2263721401040475, 
2.210748630261912, 
2.206599778061913, 
2.2194862594261013, 
2.237112575494769, 
2.264701762774372, 
2.2849292554039677, 
2.304433293045021, 
2.2992027518985334, 
2.2908347648201333, 
2.272297589896322, 
2.256561383128215, 
2.2391992999270136, 
2.2266063479064977, 
2.2154145283361406, 
2.2088160259425624, 
2.2042870541886694, 
2.2037035329876895, 
2.2049678575268183, 
2.2094831890747275, 
2.214852198345804, 
2.2223014675223625, 
2.2281210515319936, 
2.233735745983392, 
2.2336451963688893, 
2.2326504529593283, 
2.229079615365966, 
2.2260071591702753, 
2.222407510874301, 
2.21990265462622, 
2.2176903868505318, 
2.2166544768079706, 
2.216134657570047, 
2.216722858721917, 
2.2177620320161777, 
2.2197680783322413, 
2.2218248781831185, 
2.224458356094266, 
2.226098534390682, 
2.2274676723207985, 
2.226172066890932, 
2.224611803879594, 
2.2220671844062956, 
2.2201197415866654, 
2.218242212485624, 
2.2173702131490565, 
2.216980326059278, 
2.2177607367254257, 
2.2190989386615287, 
2.2217017473880047, 
2.22463518780001, 
2.2287651754791753, 
2.2323549857042146, 
2.2365106898768436, 
2.2379211744939114, 
2.2383812699400325, 
2.232709441312388, 
2.2268143892023122, 
2.2191597957930616, 
2.2137412261326936, 
2.209245774709441, 
2.2082682368446847, 
2.2093090517551772, 
2.2146483816671894, 
2.222274506286757, 
2.2349293957439746, 
2.2491727102742898, 
2.268649659515091, 
2.286452466487451, 
2.3073496725328178, 
2.3173501689960805, 
2.3240058636276735, 
2.3041061114094616, 
2.2833856613870713, 
2.254736465332828, 
2.2366617405577216, 
2.223572485849583, 
2.2285444450007943, 
2.2456085377988746, 
2.2874680990979757, 
2.3464572741294356, 
2.4392505161620566, 
2.552013307999644, 
2.70815502585434, 
2.8746080607161293, 
3.080485442460961, 
3.240526632736578, 
3.389044694103288, 
3.343066188970343, 
3.252152949436395, 
3.045511726862377, 
2.8455055815237498, 
2.610512968180855, 
2.4175385737667945, 
2.233760740914387, 
2.102769233565031, 
1.9964383942551662, 
1.9406763933660345, 
1.9089727652411277, 
1.9201434812588682, 
1.941749069955264, 
1.9904747264027485, 
2.014343838802364, 
2.033964852517351, 
1.9691296661514417, 
1.8933989105620306, 
1.7815968184862334, 
1.682495628965264, 
1.5798608610087983, 
1.499123288673601, 
1.4270371597880005, 
1.3762328509478252, 
1.3360653471256407, 
1.3135684889516452, 
1.2995901343314664, 
1.2991955722407773, 
1.3021872761049662, 
1.313165161472912, 
1.317045941327475, 
1.31983534028878, 
1.299675727898284, 
1.2771507452976776, 
1.2456496182633312, 
1.218158640561189, 
1.1902947154021772, 
1.1685640955357555, 
1.1493936340362598, 
1.135931762594236, 
1.1253527813075697, 
1.1193931358934743, 
1.115666607027371, 
1.1154284804908563, 
1.1160636619527131, 
1.1187219012150138, 
1.119588236444552, 
1.1201817878862, 
1.1150366035469004, 
1.1093252125524509, 
1.1014068842350768, 
1.0945148115117778, 
1.0875555758449844, 
1.0821362222451645, 
1.0773655042894235, 
1.0740166912068216, 
1.0713872044092891, 
1.069902320511289, 
1.0689710809798454, 
1.06890083202578, 
1.0690466224134882, 
1.0696902140050715, 
1.0698940833176311, 
1.0700312719280853, 
1.068762241638814, 
1.067355490151691, 
1.065409605729094, 
1.0637155359648514, 
1.0620055870249108, 
1.0606715856266469, 
1.0594955679967109, 
1.0586648294844028, 
1.0580081600363636, 
1.0576270101308631, 
1.0573784929144894, 
1.057333912961371, 
1.0573388965046608, 
1.0574557551970922, 
1.057460369158529, 
1.057429139012902, 
1.0570348328588732, 
1.056540154622845, 
1.0558000803674135, 
1.0549035830693854, 
1.0536269744293023, 
1.0517707816370816, 
1.0487795224115006, 
1.0437957348723954, 
1.035201069268274, 
1.0202136552160783, 
0.9938651177491976, 
0.9474213458767473, 
0.8654191451987181, 
0.7205534300054148, 
0.4645493716152364, 
0.0, 
