0.0, 
6.082871291843177, 
9.494070672891938, 
11.423812344475369, 
12.515391920053869, 
13.13275822276646, 
13.481780946878814, 
13.678956262283025, 
13.790141535876648, 
13.852657403936941, 
13.887544648735492, 
13.906836042025907, 
13.91722172329076, 
13.922705679098813, 
13.925270293145797, 
13.926190900425807, 
13.925975261250358, 
13.925042916159477, 
13.923419478792109, 
13.921288916164132, 
13.918500430380785, 
13.9152687313383, 
13.911378318857833, 
13.907283902010105, 
13.902727133875732, 
13.898521310590619, 
13.89390160380525, 
13.889104270297018, 
13.8833493962867, 
13.876762118592858, 
13.86852192039593, 
13.858876292044652, 
13.846902854682487, 
13.83332707946553, 
13.817160459732099, 
13.800237418341199, 
13.781455517862067, 
13.76418191939407, 
13.745218767927245, 
13.725548513141682, 
13.701910560249502, 
13.674832104420664, 
13.640878582293968, 
13.601095679969841, 
13.551607503356102, 
13.495487666920774, 
13.428558431175093, 
13.358661453693006, 
13.281093523659951, 
13.21042660216572, 
13.1327127920895, 
13.052288176512928, 
12.9547974143671, 
12.842685408039339, 
12.70071715985966, 
12.53379934239488, 
12.324528220244522, 
12.087500225734864, 
11.803776623295157, 
11.511974570168183, 
11.19061974932667, 
10.915209951404046, 
10.61528113087696, 
10.316792533581863, 
9.94746798548921, 
9.528108457300265, 
8.98688531070181, 
8.368887357483986, 
7.602885043402376, 
6.814650199768815, 
5.949654859344344, 
5.318438884369798, 
4.860453338752848, 
5.073149614384365, 
5.498180145704953, 
6.225383115096187, 
6.918960367435695, 
7.636107769888813, 
8.219584481094078, 
8.743153264937735, 
9.141377968183452, 
9.494256565279587, 
9.769034096319363, 
10.05370982303208, 
10.313649759223544, 
10.643308392041135, 
10.945977357645855, 
11.25107743421349, 
11.505887339070274, 
11.734349356593611, 
11.914227913312875, 
12.067130452031847, 
12.184033468171537, 
12.284255526795526, 
12.362888999021576, 
12.439275176168497, 
12.507077836730623, 
12.58677069288218, 
12.658488135083692, 
12.729121676532372, 
12.787315971654563, 
12.838516682856755, 
12.877655520333553, 
12.909544670697182, 
12.931955326406447, 
12.949189071411933, 
12.959987986030416, 
12.968825313662387, 
12.974329874749266, 
12.98159626477911, 
12.986249697335426, 
12.989846491820314, 
12.989404456636919, 
12.985676644778158, 
12.976762547653912, 
12.963015381795676, 
12.94305447550429, 
12.917159729432175, 
12.884433507747994, 
12.84584170201631, 
12.801424273290422, 
12.753640161715175, 
12.702544343024199, 
12.648180544345797, 
12.588577112223188, 
12.521709276935745, 
12.444211747546435, 
12.352984146675464, 
12.24410189219991, 
12.114794612202129, 
11.962246928259972, 
11.786978988924785, 
11.590355520516567, 
11.379830677768942, 
11.15879749545293, 
10.927035321534065, 
10.677484501611625, 
10.401759968702525, 
10.085224502527298, 
9.715926195743805, 
9.275300977679228, 
8.75631292531291, 
8.144728045849773, 
7.462643220286782, 
6.72010167386115, 
6.0202236863600636, 
5.3672664899873705, 
4.825750659943734, 
4.35451621596678, 
3.9803763116069475, 
3.643554417787066, 
3.3570007526978345, 
3.0639348589276563, 
2.7853504981739774, 
2.4766995255648916, 
2.1944776581119347, 
1.9090815231565363, 
1.7467661979420763, 
1.623129559235192, 
1.5944297982309152, 
1.5792170936407983, 
1.6080461990694908, 
1.620974653845543, 
1.6424084238223362, 
1.6330385731177133, 
1.6208564537231258, 
1.5803997862609476, 
1.5534766443089776, 
1.5203669470570813, 
1.5441080991912066, 
1.5728221817706562, 
1.629256486131544, 
1.6765127031556726, 
1.7286573963128014, 
1.7643718070316459, 
1.7954579375807325, 
1.8098144364673807, 
1.8193639018048315, 
1.816519543004445, 
1.8165054433267604, 
1.812763740700833, 
1.825806838744859, 
1.8380407503640774, 
1.8566220058500797, 
1.8696615884104102, 
1.881970109943743, 
1.8865238918782201, 
1.887823660607149, 
1.8812284828999584, 
1.8721679455386013, 
1.8568423556047307, 
1.843588059557232, 
1.8279864902445357, 
1.822447144568327, 
1.8143459565132085, 
1.808041932543132, 
1.793628838933747, 
1.7749119150067503, 
1.7437913057547763, 
1.7057762551074935, 
1.6527008609607257, 
1.594949524983295, 
1.5232708358690417, 
1.458752479300892, 
1.3886261083794653, 
1.3487612471669983, 
1.3004227702200808, 
1.2571087020712832, 
1.186755541840369, 
1.104491394318702, 
0.984798984020835, 
0.8578970704970436, 
0.7071927020911971, 
0.6079718249567777, 
0.5756052159194811, 
0.62696568321614, 
0.7422895108935335, 
0.687429126809058, 
0.6230355181684449, 
0.48392682746915133, 
0.41346990838184566, 
0.4033703567025445, 
0.4306026527138848, 
0.49404897818703947, 
0.5312574626240296, 
0.5696025596578858, 
0.5773920775694396, 
0.6017691314010771, 
0.6188314606815222, 
0.6947829062380462, 
0.7696801008709391, 
0.8658791885406406, 
0.9454441438757525, 
1.0234403095459819, 
1.0801895565293527, 
1.1285257944126357, 
1.1581635233464849, 
1.1813541242830097, 
1.1918505025122759, 
1.2040431797040703, 
1.212202402423696, 
1.2344383924159121, 
1.2550114147427152, 
1.280155234498706, 
1.2998205574768933, 
1.3182976755895957, 
1.3301224135183691, 
1.339146348975178, 
1.3421291523263088, 
1.3432343448287984, 
1.3400358412899276, 
1.3382123501776908, 
1.3349963061977066, 
1.3382203570757987, 
1.3400530160198911, 
1.343262259306202, 
1.342170197497855, 
1.3392018870234683, 
1.3301950585851177, 
1.3183870701374962, 
1.2999281924738897, 
1.2802765897383201, 
1.2551445456771142, 
1.23457188625711, 
1.2123298982037587, 
1.2041486930307943, 
1.1919297437922345, 
1.1813984421022603, 
1.1581653112460417, 
1.1284686851387409, 
1.0800488557910932, 
1.0231781707153345, 
0.9450049886357291, 
0.8651987551184046, 
0.7686715261723478, 
0.6933956124128915, 
0.6170034536238256, 
0.5996048020490928, 
0.5749146786289394, 
0.5669857466157474, 
0.5286362066081671, 
0.4918968467039625, 
0.42967375169825, 
0.4055002284999649, 
0.42191178130261286, 
0.49754967622482577, 
0.6415700648893343, 
0.7093209732511017, 
0.7660449413700674, 
0.6472476182099325, 
0.5880899505945913, 
0.6048692983853634, 
0.6965665564006729, 
0.8449331385045351, 
0.9715185488136553, 
1.0922606644604502, 
1.1757164015890778, 
1.247428776290565, 
1.291826737497805, 
1.341229632016959, 
1.3820552273383693, 
1.453471420574012, 
1.5195326426469076, 
1.5931485718212954, 
1.653275765985643, 
1.7090818832758217, 
1.7504464978390888, 
1.7851527064742518, 
1.8081972726651239, 
1.8267432177179947, 
1.837755142741218, 
1.8492399846542311, 
1.8581580032278793, 
1.8741705638220492, 
1.888654059865754, 
1.904920476504325, 
1.9175652010539113, 
1.928974957383082, 
1.936230845575302, 
1.9415533022197835, 
1.9431613868666913, 
1.9435381391974778, 
1.9412578940734346, 
1.9397997785707601, 
1.937412054183597, 
1.93894931581628, 
1.9393788443029, 
1.9404147604423991, 
1.938323548543688, 
1.9346772005856994, 
1.9266074619253986, 
1.916327070051773, 
1.9010517655576606, 
1.884676687612275, 
1.8640251493523778, 
1.8464564822638447, 
1.8273508123676023, 
1.8184208166698783, 
1.8061870801748285, 
1.7948648209867437, 
1.773490888306516, 
1.7465648368649482, 
1.7044637456741643, 
1.6546744492360876, 
1.5868604203269432, 
1.5157583168346942, 
1.4291327302288401, 
1.3564311890776994, 
1.2798064392812671, 
1.2475136980324737, 
1.205879826806739, 
1.173120417916579, 
1.1071902071771613, 
1.0294812864656493, 
0.908030601196807, 
0.7827408784350575, 
0.6311841046239427, 
0.5410199003262439, 
0.5156065918261044, 
0.533190349153704, 
0.6061103415544961, 
0.5301396596592216, 
0.5242648677449948, 
0.5935452492666173, 
0.7120698695762281, 
0.8800516122930531, 
1.0165952068550101, 
1.1449755756501134, 
1.2291924545763102, 
1.300325678220707, 
1.339211866541223, 
1.3853677797460988, 
1.4221108310303476, 
1.4988199592367628, 
1.5709706945407047, 
1.6549306663347607, 
1.723881978838554, 
1.789139016209484, 
1.8374836617295363, 
1.8784442677260107, 
1.9054233219366556, 
1.9271702706149585, 
1.9397824107171457, 
1.953025464551842, 
1.9632459868134204, 
1.9822494007471514, 
1.9998452234951847, 
2.0200716282439757, 
2.036656520840888, 
2.052344967748004, 
2.063986087492705, 
2.0738671117370044, 
2.080394297452619, 
2.0856655130898942, 
2.088733966529956, 
2.091946807212189, 
2.0944235024673357, 
2.099013710526549, 
2.1032647078823707, 
2.1081566854754774, 
2.1121716382337277, 
2.115974604433627, 
2.1187993778536107, 
2.121199958957704, 
2.1227877632191534, 
2.1240714161961005, 
2.1248201256152415, 
2.125603468437772, 
2.126207424205551, 
2.127324045800441, 
2.128357540357763, 
2.129545199992118, 
2.1305166448622694, 
2.13142982253527, 
2.1320931994744154, 
2.1326298970335746, 
2.1329279095901854, 
2.1330755292088455, 
2.132959810153205, 
2.1326110293598783, 
2.1317968598180976, 
2.1303542378647013, 
2.127574390853884, 
2.12249977919968, 
2.1132578046945882, 
2.0967200709638307, 
2.067254500727494, 
2.0150012506384893, 
1.9224688273532209, 
1.758785792861405, 
1.4693462685205343, 
0.9576490806091653, 
0.0, 
