0.0, 
1.8291390908262777, 
2.8527093912616968, 
3.431861001054953, 
3.7596106136716005, 
3.9451314378817073, 
4.050228568424624, 
4.109812237287678, 
4.143703100559081, 
4.163003263867263, 
4.174110476679024, 
4.180436737979747, 
4.184122691705957, 
4.186045848755, 
4.18719021178542, 
4.1878200154779375, 
4.188407085805016, 
4.188942256686095, 
4.189719315265532, 
4.19056269843386, 
4.191741546456533, 
4.1928681219566935, 
4.194260911792121, 
4.195169569003915, 
4.196093503920043, 
4.195854824347263, 
4.1959009856298275, 
4.195785355296629, 
4.196637290047541, 
4.197920766489372, 
4.20059449597567, 
4.203771316333923, 
4.2084869438383254, 
4.213088732839986, 
4.218873401632549, 
4.2227211807599145, 
4.226692122759642, 
4.225889619434348, 
4.2263166529209695, 
4.226126109275824, 
4.230040775231188, 
4.235870962819164, 
4.247673403044613, 
4.261825976545813, 
4.282760608101052, 
4.303663498465503, 
4.33010236952501, 
4.3489857090942206, 
4.369072012617542, 
4.3693834437580525, 
4.3756181991713605, 
4.380001736927252, 
4.40338239964578, 
4.436907197853468, 
4.4992238760375, 
4.575604197299659, 
4.687075759224564, 
4.804628123082425, 
4.954593482637934, 
5.0771152066362655, 
5.211598216243424, 
5.254652944939748, 
5.326211179089028, 
5.387155828533298, 
5.537940350216018, 
5.734894406690126, 
6.064642770941475, 
6.448157964108454, 
6.969594648599308, 
7.461853912882258, 
8.008754064239222, 
8.28789190403003, 
8.442755740408995, 
8.058520955648648, 
7.629396590590465, 
7.0780556421558405, 
6.645654747693546, 
6.257079568034269, 
6.000093844120839, 
5.805692340726487, 
5.709027810650635, 
5.651618924510868, 
5.653467126904328, 
5.6550260906806376, 
5.675567847220745, 
5.647404010421417, 
5.623637094887716, 
5.582007961399771, 
5.553196862031188, 
5.523447523430537, 
5.508114388930303, 
5.496952693897212, 
5.498180563488925, 
5.502906394192229, 
5.516152283755507, 
5.527640970751236, 
5.541332007464742, 
5.543958504093407, 
5.545618788879001, 
5.541793459207679, 
5.538948586474988, 
5.534465443318204, 
5.5318050145517415, 
5.529045883488024, 
5.528021370514581, 
5.527086947109013, 
5.527256304639337, 
5.526718742339537, 
5.5261352983716625, 
5.5232627719290655, 
5.5196306344187835, 
5.514425341304398, 
5.508382685537712, 
5.501039826532676, 
5.492402638145325, 
5.482299671290707, 
5.4702400635762665, 
5.456606046575259, 
5.440626758328409, 
5.423786113986663, 
5.405081938576419, 
5.387482995223245, 
5.3679643302021365, 
5.347363954650678, 
5.322424103121692, 
5.293613755975438, 
5.257309458702979, 
5.2146050029429425, 
5.161241431119775, 
5.1006375795761825, 
5.028078863274618, 
4.952602930909029, 
4.868834561162982, 
4.7941842981717215, 
4.71202683199203, 
4.627709971261831, 
4.5239256768495055, 
4.40369208433061, 
4.248494041774722, 
4.0644182625336285, 
3.830252373172763, 
3.5658148639114144, 
3.24974693559402, 
2.9420147009947364, 
2.626105511900102, 
2.4393153551381475, 
2.2946327742731376, 
2.248318907671716, 
2.2173417062215637, 
2.231193224850172, 
2.229728978185497, 
2.236792698631465, 
2.213105184275234, 
2.1869365442919753, 
2.132662732828089, 
2.0937982751714377, 
2.0501538218592708, 
2.06821560263747, 
2.093115506549046, 
2.1484152578577635, 
2.1951883876470837, 
2.2479086822174073, 
2.2842067049038084, 
2.3162136599035223, 
2.3313519473755666, 
2.341811311057084, 
2.3398368982469977, 
2.3408500334905575, 
2.338305044997684, 
2.3528082121040717, 
2.3669367116376634, 
2.387840193290306, 
2.403996119343377, 
2.420082621209369, 
2.4296453077475366, 
2.436775022005418, 
2.437628605828891, 
2.436599339744318, 
2.430924238580485, 
2.4266349753089917, 
2.4208301470076354, 
2.4219379760136515, 
2.4218774202591073, 
2.423605883005477, 
2.4212275886039754, 
2.4171509476403226, 
2.4070907933315584, 
2.394118562806002, 
2.374361251906109, 
2.3529412645091217, 
2.325668849364893, 
2.302065300737509, 
2.276259101659019, 
2.2634100093171496, 
2.246405478055096, 
2.2306719783025106, 
2.202212456246211, 
2.166630801545047, 
2.111620312929629, 
2.046428258627083, 
1.957861472612766, 
1.8642637752868505, 
1.7501268532362804, 
1.6526018371092106, 
1.5493701177266246, 
1.5021432443065788, 
1.443195356983948, 
1.3961061128818377, 
1.3073420195931482, 
1.2048376908331386, 
1.0484306557071226, 
0.891573195893577, 
0.7089579797529312, 
0.6205800426617101, 
0.6416321287599335, 
0.687607883379732, 
0.7850704922955044, 
0.6790446392030032, 
0.6607568827977222, 
0.7457922642479716, 
0.901946910192888, 
1.1229120250118185, 
1.3053083696022556, 
1.4766767835054202, 
1.592947799914726, 
1.692240336571063, 
1.7518279494181306, 
1.8194428963375036, 
1.8750812214615677, 
1.9769443585077124, 
2.071798511173959, 
2.1787628760849427, 
2.266427309686754, 
2.3482666525127858, 
2.409119065297978, 
2.4604022067096802, 
2.494654466826042, 
2.5223371428987584, 
2.5390036610956748, 
2.556259742843363, 
2.5697700718351046, 
2.5934613989530453, 
2.6150863455258975, 
2.639404019274371, 
2.6588335660528255, 
2.676708396583416, 
2.6890965920339664, 
2.6989262405931838, 
2.7040100959764137, 
2.70732042563667, 
2.7073175239926126, 
2.7077894858407374, 
2.7070373860969696, 
2.710093018394244, 
2.71210576478198, 
2.7148176025171256, 
2.714773636837267, 
2.7133789911638, 
2.7081878512752393, 
2.700930297977441, 
2.6894357524420256, 
2.6765167552409594, 
2.659861111421535, 
2.644680355733602, 
2.6278086675980172, 
2.6175879272706197, 
2.6047726252096655, 
2.592270827759673, 
2.57234258838649, 
2.5478132976296783, 
2.511692829445607, 
2.468645184560061, 
2.4110512917732962, 
2.3484774315883565, 
2.27198632722418, 
2.201709574688045, 
2.1251838490615054, 
2.076990263588624, 
2.0191886212318373, 
1.9640723396197668, 
1.8788981879028348, 
1.7759428076924888, 
1.6257671664729565, 
1.4507312127856278, 
1.221415398375527, 
0.9898247003456211, 
0.7313245557372349, 
0.5706163293299545, 
0.49608633524141665, 
0.3979606134516651, 
0.4079898530680549, 
0.4891749724642703, 
0.5959912380194607, 
0.7511904514697615, 
0.870578229892481, 
0.9849959267873107, 
1.0501878532261708, 
1.1035550124642541, 
1.1192321520164477, 
1.1473939424274653, 
1.1660803053719233, 
1.2423033718426875, 
1.3169909252290097, 
1.412721239875477, 
1.4919021624643567, 
1.5695831849651452, 
1.626238353265819, 
1.6745951548882139, 
1.7044773220570768, 
1.727951662897714, 
1.7388939401813555, 
1.7513780502065208, 
1.7598696852908071, 
1.782008679957186, 
1.802621359278489, 
1.827767215509804, 
1.847828889170037, 
1.8668934932188583, 
1.8798585862600932, 
1.8902453020984848, 
1.895200333492846, 
1.8982745320089272, 
1.897519912377545, 
1.8974628843082226, 
1.896085768051346, 
1.8994274261355308, 
1.901828445446802, 
1.9053869894123732, 
1.9061200488469012, 
1.9056613336049608, 
1.901283914226187, 
1.8949116672325685, 
1.8842264681054854, 
1.872231267304861, 
1.856519540282991, 
1.842523679622635, 
1.8269668459163135, 
1.8184553798091567, 
1.8074451284049922, 
1.7969650203225134, 
1.7791329817259622, 
1.756925611693036, 
1.7233324948221451, 
1.6832068303815975, 
1.628965046393462, 
1.5703938094958774, 
1.4985832282715321, 
1.4339091270803175, 
1.3638611036992756, 
1.323331430586583, 
1.2743177728472068, 
1.229956098718232, 
1.1586963623566293, 
1.0754420081730125, 
0.9549437159004984, 
0.8272128309560028, 
0.6757257586397963, 
0.5754643817485408, 
0.5415915387166105, 
0.5920171830899567, 
0.7066797593778209, 
0.65165068911677, 
0.5873566449660764, 
0.44882118724170617, 
0.3793395573098432, 
0.3710003714432081, 
0.399302532037067, 
0.46339442159175287, 
0.5011449635763157, 
0.5399152115385738, 
0.5481787534574364, 
0.5729005139122199, 
0.5903194893400232, 
0.666325479637883, 
0.7413282607492846, 
0.8375718382439873, 
0.917391302821634, 
0.9957422525111402, 
1.0531615302417972, 
1.1023174575199686, 
1.1331377546152277, 
1.1575723604172459, 
1.169621045229687, 
1.1831011299789662, 
1.192647375276441, 
1.2154612790561783, 
1.2368629078479436, 
1.2627560566609144, 
1.28394654035876, 
1.304362900412966, 
1.3192871525539984, 
1.3319704484004982, 
1.3399765006574509, 
1.3463106670315543, 
1.3495176705401277, 
1.353020963804435, 
1.3555108622670802, 
1.361216867276567, 
1.3665455170410532, 
1.3729523102591046, 
1.378189486345372, 
1.3832251379083784, 
1.3869070931674055, 
1.3900344999190266, 
1.3920129511333, 
1.3935790271413109, 
1.3943779480990504, 
1.3952464381830256, 
1.395865330506483, 
1.3972665541638642, 
1.3985742068032865, 
1.4001428513306822, 
1.4014243117576604, 
1.4026521594019052, 
1.4035431331291783, 
1.4042837608123107, 
1.4047188754268851, 
1.4050027063870942, 
1.405012640835216, 
1.4048766491836737, 
1.404399339512481, 
1.4036049542686782, 
1.4019115833061597, 
1.3987264644663948, 
1.3927337905662842, 
1.381876575890118, 
1.362367435233499, 
1.3276537671940734, 
1.2660601231136106, 
1.1570185612023072, 
0.9641180444922087, 
0.6230285242965494, 
0.0, 
