0.0, 
2.291876840301227, 
3.5775977996574073, 
4.304978307674804, 
4.716480485212077, 
4.949274627221392, 
5.080963131600981, 
5.155447894274174, 
5.1975652878284615, 
5.221364761132678, 
5.234793807953495, 
5.2423466708432285, 
5.246565501871745, 
5.248886596022727, 
5.250124051313517, 
5.250738076613426, 
5.250995260992258, 
5.2510488450770305, 
5.250996317016425, 
5.250886774278443, 
5.2507495735075, 
5.250594021639476, 
5.250423671898786, 
5.250232864033907, 
5.250015106480558, 
5.249758072110268, 
5.2494509267892395, 
5.249077731334477, 
5.2486275330113585, 
5.248085228495472, 
5.247448871258154, 
5.246715533494511, 
5.245910613774183, 
5.24505900587576, 
5.244221688366719, 
5.243407211836544, 
5.242627542648288, 
5.241858417012161, 
5.241079174332136, 
5.240245908998108, 
5.239320233454576, 
5.23824447181556, 
5.236970064395732, 
5.235429065558583, 
5.233574975547685, 
5.231344928928318, 
5.2287302687092225, 
5.22571889642322, 
5.222414692090329, 
5.218920383416739, 
5.2154855154815865, 
5.212145475426474, 
5.208948833761355, 
5.20579636461921, 
5.2026029417029225, 
5.199188881466258, 
5.195396356354183, 
5.190989391181402, 
5.185768220069659, 
5.179455138093939, 
5.1718583247334315, 
5.162722009649045, 
5.152008838985781, 
5.139674417323913, 
5.126141577039356, 
5.11184295306164, 
5.097788907078486, 
5.084129012998406, 
5.071051297129399, 
5.058152621251715, 
5.045074822109983, 
5.031085160203572, 
5.015526089552029, 
4.997434936444392, 
4.975976534911441, 
4.950021814396598, 
4.918758942922431, 
4.881169734046757, 
4.83706894512466, 
4.786376430675531, 
4.730792831334024, 
4.672346417362306, 
4.614990889362073, 
4.559461007136299, 
4.5063368248537765, 
4.454057865673335, 
4.400984927170678, 
4.344211346944044, 
4.280834866221704, 
4.2070267558721515, 
4.119018730082966, 
4.012399509803274, 
3.883259275054938, 
3.7281785268388297, 
3.545736085495579, 
3.338759956364865, 
3.1144596902344994, 
2.8917947913395046, 
2.6844563720660966, 
2.5042137661485833, 
2.350714048907595, 
2.22588735715405, 
2.1227722112787983, 
2.0394593776833387, 
1.9682977983882177, 
1.9069750184567162, 
1.849042722398197, 
1.7931096330502474, 
1.7340153366110975, 
1.672515569359196, 
1.6049847521886824, 
1.537254003292299, 
1.4681164952396084, 
1.4124640146146723, 
1.3641920532176077, 
1.3295227734239885, 
1.3013239710682691, 
1.2819967857309824, 
1.2658371909837347, 
1.2539863371349482, 
1.2425191859257443, 
1.2322621513818626, 
1.220511308717988, 
1.2082140053728574, 
1.1933350228500779, 
1.1775726162482305, 
1.1593678151053657, 
1.142369011451201, 
1.1253590548741732, 
1.1149207534493435, 
1.1065225171000297, 
1.1024018992095361, 
1.0990678175116866, 
1.0976255439352889, 
1.0958961542599142, 
1.0946288560960296, 
1.0924707352519931, 
1.0900384433321366, 
1.0863643204153448, 
1.0821306938877913, 
1.0765038773691054, 
1.0705918363186724, 
1.063615873417817, 
1.0577102733762223, 
1.0519792065690563, 
1.0499290126678198, 
1.0484647110880534, 
1.0486784630897512, 
1.0483722042287322, 
1.0482236754474574, 
1.0468152409954423, 
1.0447582059438134, 
1.0409390054187924, 
1.0360717436028184, 
1.0290014786316832, 
1.0208908854007828, 
1.0103740888192503, 
0.9997868412511344, 
0.9875200160646292, 
0.9782884650109014, 
0.9697709614184838, 
0.9696182492764168, 
0.9699855497909138, 
0.9731543070699257, 
0.9735676084954653, 
0.972883585477636, 
0.9672672215975757, 
0.9584761306758903, 
0.943018065310278, 
0.9232832749183992, 
0.8951370696806891, 
0.8629252403174238, 
0.8214057590179576, 
0.7797534458879336, 
0.7315932270775023, 
0.6958295833750128, 
0.663117879806817, 
0.6645138579509023, 
0.6680546459238339, 
0.683142133746745, 
0.6870927938309345, 
0.6870953269997436, 
0.6679029972189294, 
0.6380693920774418, 
0.5851875066281728, 
0.5233435356328627, 
0.44223551612139855, 
0.3732610561571175, 
0.3169509172420145, 
0.3530083932564878, 
0.47387076635718944, 
0.5678187676797373, 
0.6577252909197437, 
0.5939731461841903, 
0.5163226852854089, 
0.39147019847897824, 
0.32724804206821195, 
0.3288459010868411, 
0.36729820250906653, 
0.433334165130913, 
0.4864054575194843, 
0.5346932050861535, 
0.5599874189556449, 
0.5749603633221102, 
0.5688188308045136, 
0.5584472699401041, 
0.5351386719287341, 
0.5251403332869848, 
0.51763124983705, 
0.5507198776046368, 
0.5881887330925212, 
0.6413812209834826, 
0.6877159346719872, 
0.7347370308097547, 
0.7712320166797271, 
0.8033517309314188, 
0.8256851198285672, 
0.8430848997998622, 
0.8525490179728964, 
0.8581796797219255, 
0.8577858545848707, 
0.8558945070769302, 
0.8504911302645702, 
0.8482241140407534, 
0.8464383770107328, 
0.8546785478972487, 
0.8639231256238424, 
0.8770302818760166, 
0.8883456484325607, 
0.8997703157735877, 
0.9084551266832032, 
0.9159580599792635, 
0.9208458887899658, 
0.9243790526219526, 
0.9256873211057591, 
0.925912805994024, 
0.9243461518082942, 
0.9223928636939572, 
0.9193505822232934, 
0.9174611143200713, 
0.9157710776937561, 
0.9176206361042479, 
0.9197740303237063, 
0.9232289633698749, 
0.9258661320989596, 
0.9283648426606879, 
0.929509300039959, 
0.9299079682632884, 
0.9287268818723237, 
0.9265893756330512, 
0.9227048190374526, 
0.9179384747691355, 
0.9113857439789221, 
0.9046429612595281, 
0.8966566186288967, 
0.8905628060824693, 
0.8848527295668517, 
0.8845818416213826, 
0.8846267719251816, 
0.8864907556733369, 
0.8865419980385594, 
0.8858435952446645, 
0.881887987978788, 
0.8757674967312848, 
0.865196163444332, 
0.8516265123032953, 
0.8323447767342026, 
0.8100010749774987, 
0.7811503982090408, 
0.7515142471674298, 
0.7169505473497509, 
0.6895861387677257, 
0.6635647054829076, 
0.6593903809560132, 
0.6566126827087396, 
0.6615494371689514, 
0.6591590387371618, 
0.6539920845039975, 
0.6354678280974322, 
0.6088246551779, 
0.5649693962873623, 
0.5126460461993931, 
0.44366875798882294, 
0.3785787858247924, 
0.3162913074258741, 
0.31292884044704294, 
0.3994718398684357, 
0.4930571403321017, 
0.5994198444907646, 
0.5821852956372361, 
0.5419991949177049, 
0.43445907545323753, 
0.3413471454806119, 
0.24298655224229407, 
0.19710555811730396, 
0.20345025195529945, 
0.21936866087614637, 
0.2440192627993124, 
0.2525651406964946, 
0.2548405453832468, 
0.23698386706783053, 
0.2159617343488288, 
0.18163346792043428, 
0.16344180264215616, 
0.15059864383991373, 
0.17338627065528578, 
0.20525346697992186, 
0.25888321290179456, 
0.3069639842693433, 
0.35796184023735617, 
0.3978102430666973, 
0.43352388217473176, 
0.45809368095746095, 
0.47718546023624653, 
0.48683162334789465, 
0.4919602093012542, 
0.4896661612049332, 
0.4855718698271426, 
0.47703516735678547, 
0.4725476351491039, 
0.46870676068797373, 
0.47793159998122536, 
0.4885959825788502, 
0.5044537957164031, 
0.5181029061727956, 
0.5320174694102734, 
0.5423778729549307, 
0.5512262893267712, 
0.5565536053187083, 
0.5600686711814865, 
0.5604577377555388, 
0.5593880571870915, 
0.5557070542638424, 
0.551654353331355, 
0.5460299397741283, 
0.5425799947597375, 
0.5396163505143765, 
0.5427909739394133, 
0.5464369400831699, 
0.5522339412058301, 
0.5564387346360058, 
0.5602538706662338, 
0.5614490975242697, 
0.5611847267979205, 
0.557804301733746, 
0.5526332018351932, 
0.5439750463727987, 
0.5338543678850636, 
0.5202434458559659, 
0.5069746477970528, 
0.4915837263103548, 
0.48145555582837746, 
0.4728250105285117, 
0.47722338784702883, 
0.48225163013446504, 
0.4912719761212526, 
0.4958633630622177, 
0.4986654483428006, 
0.4941455634450451, 
0.48521979549248756, 
0.46707052731639687, 
0.4436707318014725, 
0.409494593522387, 
0.3714855452605017, 
0.32275849466809026, 
0.2770027550626251, 
0.2256534448429591, 
0.19463627235611655, 
0.1703670421641497, 
0.191625923107828, 
0.21531523051273904, 
0.2525312580344206, 
0.27563065845728263, 
0.29434974259769175, 
0.2924152353520685, 
0.2821354256839896, 
0.25264755217817114, 
0.22403619109912196, 
0.19123002720824425, 
0.19606425778120207, 
0.25177880065069613, 
0.31295658845651303, 
0.39378056155270547, 
0.4205200149012119, 
0.4363495966327877, 
0.3598365530641712, 
0.32286219568411517, 
0.34008844440623, 
0.3973998371769787, 
0.4835124687380635, 
0.559229192375597, 
0.6307228860645493, 
0.6835313631970941, 
0.7264704909762507, 
0.7532112475942679, 
0.772162642092917, 
0.7793160986427352, 
0.7838948222628086, 
0.7822167674269438, 
0.7870343719435614, 
0.7930130480899815, 
0.8172552421700872, 
0.8424070016783826, 
0.8733397701421253, 
0.8998698601617083, 
0.9254950407217731, 
0.9454721128899984, 
0.9627259996532062, 
0.9751113106539528, 
0.9849210550123979, 
0.9910246365022864, 
0.9953140632121251, 
0.9969700114358446, 
0.997987668745802, 
0.99757742968444, 
0.9985250730738099, 
0.9996965757502584, 
1.004943828341183, 
1.0104488085645873, 
1.0173423091973823, 
1.0233023541053963, 
1.0291220588035754, 
1.033685159117382, 
1.0376549676627687, 
1.040514822050317, 
1.0427905249177214, 
1.0442073130596412, 
1.0452044472739412, 
1.0455837919325026, 
1.045813887022552, 
1.045705557799747, 
1.0459196963552642, 
1.0461874031809368, 
1.0474310812401222, 
1.0487402780535051, 
1.0503876274559854, 
1.0518148912649827, 
1.053212369766738, 
1.054309747086664, 
1.0552662098396617, 
1.0559560089721807, 
1.0565056513146873, 
1.0568481660584834, 
1.057089502861801, 
1.0571814667200892, 
1.057237285440005, 
1.0572110758254523, 
1.0572628300407796, 
1.0573275109952391, 
1.0576288540837093, 
1.0579463284042625, 
1.0583461688049303, 
1.0586929350518117, 
1.0590327660292405, 
1.059300029383547, 
1.0595332302033154, 
1.059701863986846, 
1.0598363084918025, 
1.059920259717349, 
1.0599785346439308, 
1.059998875554736, 
1.060006266874514, 
1.0599871103327896, 
1.0599733117477605, 
1.05994058086539, 
1.0599240761165465, 
1.0598438192595243, 
1.059663274426443, 
1.059259854175296, 
1.0584820558694128, 
1.0570288100671512, 
1.0544023462292416, 
1.04970142665763, 
1.0413502555513259, 
1.0265498330679705, 
1.0003611536540225, 
0.9540457241098266, 
0.8721615279887128, 
0.7274085727935554, 
0.4715333198694678, 
0.0, 
