0.0, 
1.6004415678618753, 
2.496009829446633, 
3.002658212212359, 
3.2892742289906347, 
3.451405942551187, 
3.5431042839130322, 
3.5949515495072033, 
3.6242415299572, 
3.6407653786060874, 
3.650049587259496, 
3.6552359450388106, 
3.6580821409912403, 
3.659613580991457, 
3.66038028979812, 
3.6607531591233595, 
3.6608906151498513, 
3.660979221127519, 
3.6609972588775754, 
3.661002333969226, 
3.660953441969151, 
3.6608765787453383, 
3.6607329281427674, 
3.6605410878886917, 
3.6602590922352243, 
3.659909878537669, 
3.659441029780094, 
3.658897375675856, 
3.6582132284500313, 
3.6574906382064367, 
3.656654171777075, 
3.6559227493003457, 
3.6551963925832403, 
3.6548403380565486, 
3.654509491010757, 
3.654311927938298, 
3.6539915072231457, 
3.6536155369884704, 
3.652994133050669, 
3.652192563496153, 
3.6510275126362255, 
3.649590662005835, 
3.6476622991981724, 
3.6454264955022726, 
3.642611057956476, 
3.6396363185092735, 
3.636190717280954, 
3.6331773346063687, 
3.63018413502037, 
3.6287206914925956, 
3.6273620614438813, 
3.6265557072714656, 
3.6252417138942796, 
3.6236982393410266, 
3.6211382928582734, 
3.6178309037652574, 
3.6130149788593173, 
3.6070675325097805, 
3.59907390574535, 
3.589792345343669, 
3.5780862066895502, 
3.565696953283581, 
3.55132196972433, 
3.5387327850167902, 
3.5262129174398744, 
3.5201227886164013, 
3.51447443226473, 
3.511165349837877, 
3.5056956533801116, 
3.4992365424630254, 
3.4884148686405148, 
3.474353877663314, 
3.453756593582507, 
3.4281879452765445, 
3.393633689931535, 
3.353274566515854, 
3.3020552020792806, 
3.2474719498914895, 
3.183705550535238, 
3.127556890815746, 
3.071495363158713, 
3.0449385351327543, 
3.020607351617907, 
3.0075342545521098, 
2.984412008728696, 
2.956651519684973, 
2.9077922311886994, 
2.8428303680986873, 
2.745205784146507, 
2.6217075229083577, 
2.451460866412869, 
2.2490008424492243, 
1.9873698857428415, 
1.7050228837559838, 
1.3723016998795603, 
1.0881967932073409, 
0.821097858486399, 
0.7652138196341607, 
0.7696921341178975, 
0.9018346918800618, 
1.0385125014136263, 
1.2166297719561834, 
1.3616381140243108, 
1.5026810533757058, 
1.5990638266835284, 
1.6756824923623468, 
1.708888161812526, 
1.7219426250559413, 
1.6980149748915816, 
1.6654228643178717, 
1.609652202234495, 
1.575546380629461, 
1.5455263079892723, 
1.5871962630895002, 
1.6389364011514207, 
1.7213658403503764, 
1.794407738004269, 
1.8711962107630375, 
1.9311137983640325, 
1.9847534792182464, 
2.0219267711619615, 
2.051036074916005, 
2.0664109778192548, 
2.075192650381481, 
2.0733272746035576, 
2.0687241507591674, 
2.0577780719731744, 
2.052177285495401, 
2.0473523704814336, 
2.060224299742363, 
2.0751596123008555, 
2.0972661995015507, 
2.116700111114761, 
2.1367720861905815, 
2.1525816370673665, 
2.166763598292126, 
2.177011896448207, 
2.185328888987178, 
2.1905492088593235, 
2.1942158636828677, 
2.1956122158130364, 
2.196187384523647, 
2.1954020021369343, 
2.195118834326791, 
2.194757327490063, 
2.1968645094582557, 
2.1993924822560755, 
2.2031226583284393, 
2.206870158603043, 
2.211058710359075, 
2.215307623633082, 
2.219818579036438, 
2.2247617251927334, 
2.230013603258004, 
2.2361647978293027, 
2.2425118302833753, 
2.2500133669299918, 
2.2568463450174523, 
2.2643260582258278, 
2.2686054940596003, 
2.271830519651335, 
2.2677850119999667, 
2.263553204890996, 
2.2573050743816943, 
2.253982389245418, 
2.252044070238037, 
2.25491699888131, 
2.260799118758105, 
2.272929050399533, 
2.288747845800289, 
2.3122672065164065, 
2.33884014753404, 
2.373764327694378, 
2.407367955895172, 
2.44640094615407, 
2.4710366824926853, 
2.491643604888671, 
2.475443635451407, 
2.4577628457149876, 
2.4286681388055213, 
2.4134790258677032, 
2.404583515444526, 
2.419749916855423, 
2.4507636044192314, 
2.514424670863615, 
2.5996807336106613, 
2.7274912730936527, 
2.8774029911257646, 
3.077063117118271, 
3.279882916663268, 
3.5187089072850317, 
3.6859775306355202, 
3.8248419667868276, 
3.7370958960328586, 
3.6022455017587656, 
3.3577547293623375, 
3.131748824698984, 
2.8856867496949166, 
2.6894447924962455, 
2.5107761159961117, 
2.385097673353249, 
2.2854949032558958, 
2.231780129808271, 
2.200018206369818, 
2.204419358439458, 
2.21750283054808, 
2.2520812080315777, 
2.266725186449897, 
2.278029352074488, 
2.2255416523237206, 
2.166165626424247, 
2.0816924650662982, 
2.0079986823637217, 
1.9330394170962755, 
1.874770917819813, 
1.8233841439159286, 
1.7875829168651758, 
1.759617098051519, 
1.744317384269423, 
1.7351264652030092, 
1.735561626745539, 
1.7383888684723265, 
1.7468347408245908, 
1.7502728842506525, 
1.7529445873445242, 
1.7395705412736895, 
1.724571517089239, 
1.7033575397608278, 
1.6849666045553393, 
1.6663449274812758, 
1.652028725327051, 
1.6395179399383883, 
1.631060572791742, 
1.6246445318631424, 
1.6215907029688608, 
1.6201097308292038, 
1.6212420808511137, 
1.622860071761149, 
1.6259849296408266, 
1.6273222857265244, 
1.628283068060606, 
1.624035490509516, 
1.619340519453856, 
1.6127515142667495, 
1.6073198626501732, 
1.602025626725536, 
1.5985308016610755, 
1.595910228414083, 
1.5952012101249669, 
1.5954826061412428, 
1.5976562596004027, 
1.6005415056735135, 
1.6051467591807358, 
1.6094733252829478, 
1.6147458717426355, 
1.6172531384946944, 
1.618906070686656, 
1.613905411488453, 
1.6086097307135496, 
1.601293863966725, 
1.5962787453213279, 
1.5921741211357814, 
1.5917766449997288, 
1.5935644503621789, 
1.599954633607245, 
1.6089606169428576, 
1.623435575376347, 
1.6400032926787749, 
1.662398439038771, 
1.683782256452555, 
1.708940141466719, 
1.7238650892297802, 
1.7359314885232233, 
1.721706758384105, 
1.7065262078696435, 
1.6832005861988473, 
1.6701622590870187, 
1.6619723312827226, 
1.6718343524749102, 
1.6940611992150727, 
1.7415722123645547, 
1.807072836146586, 
1.907479837075505, 
2.0293962197324, 
2.196401533047176, 
2.3758362545008542, 
2.5966568871303255, 
2.773702615971632, 
2.9403137875265535, 
2.9129269488723675, 
2.8390935885502504, 
2.647662835408416, 
2.460411116693026, 
2.236021830175351, 
2.0516227269276146, 
1.8748526615393908, 
1.749592196156498, 
1.6480972630621422, 
1.5965465419665867, 
1.5686824030648607, 
1.5835285002284747, 
1.6087510883135105, 
1.6611539928705412, 
1.6886575740784842, 
1.7118656864768713, 
1.6502055916647258, 
1.5773007604570854, 
1.4678583338741373, 
1.3708148252951298, 
1.2699274729344223, 
1.1908107588729677, 
1.1202205991650112, 
1.0709758284645974, 
1.0323917847918207, 
1.0117119702504713, 
0.999643593734726, 
1.001496259104095, 
1.0067135538876237, 
1.0201732665717647, 
1.026017035393056, 
1.0306357478688373, 
1.0108944423077777, 
0.9886689819361029, 
0.9569692331690055, 
0.9297031814004673, 
0.9022144643122351, 
0.8816541895334888, 
0.8641543918148434, 
0.8534576894966076, 
0.8463248243750677, 
0.8451963566227876, 
0.8469239113520943, 
0.8536525700136398, 
0.8611739281313199, 
0.8717267809231921, 
0.878284668063607, 
0.8839983940116926, 
0.878261877301052, 
0.8716799389939159, 
0.861101559233812, 
0.85354944948357, 
0.8467852577472506, 
0.8450112451309545, 
0.8460843224850485, 
0.853143494735756, 
0.8637536523012618, 
0.8811401967560178, 
0.901574055838829, 
0.9289041322928355, 
0.956011408857839, 
0.987528331802597, 
1.0096164065324629, 
1.0292305791062515, 
1.0246128333081748, 
1.0187759324473173, 
1.0053648412011706, 
1.0001473970492982, 
0.9982717386980922, 
1.0102280135199353, 
1.0307342700339641, 
1.069018600498861, 
1.1178758475633517, 
1.1879093336717446, 
1.2663738132463478, 
1.366406011173646, 
1.4625605489167743, 
1.5709494789795395, 
1.643019546586025, 
1.7038816918299182, 
1.6805987987835982, 
1.6530662393858653, 
1.6008963750930345, 
1.5756403210400738, 
1.5606413573015316, 
1.5878366737923955, 
1.638355919662348, 
1.7380694118746447, 
1.8610146803503205, 
2.0344550946874658, 
2.2149492626980853, 
2.434245243264464, 
2.6162838442153196, 
2.801690344982147, 
2.8711718511897217, 
2.894947730170736, 
2.7298592396403403, 
2.5554392650145585, 
2.339643307920233, 
2.164832391492654, 
2.0028611997319348, 
1.8848999405588054, 
1.7880583333114575, 
1.724978366452262, 
1.6793227768055499, 
1.6579492863021974, 
1.648468168735979, 
1.6562367520940424, 
1.668688031543659, 
1.6909510840197122, 
1.7055808929155192, 
1.719354073219738, 
1.7083822172827356, 
1.6947040941466684, 
1.671376655989384, 
1.651520050591271, 
1.6306414826912912, 
1.6151092184236298, 
1.6014402610685778, 
1.5927376939036988, 
1.5863780205341973, 
1.584135090499913, 
1.5838554917414143, 
1.5868441057071134, 
1.5907193520481513, 
1.5966260286584766, 
1.6009910173388335, 
1.605178740114741, 
1.6039797643380103, 
1.601997804267772, 
1.5976584965128515, 
1.5938682170816303, 
1.589652750050383, 
1.5864960521669744, 
1.5836479015205638, 
1.5818565374156666, 
1.5805477099357688, 
1.5801541918342192, 
1.5801938577092123, 
1.580982826809464, 
1.5819747444496697, 
1.583442874211406, 
1.5845505097396952, 
1.5856160215861859, 
1.5854005821153971, 
1.5849879279321322, 
1.5840001564776571, 
1.5831308918049192, 
1.5821486701599645, 
1.58141179747436, 
1.5807423970966168, 
1.5803225191343908, 
1.5800155309707478, 
1.5799269700197351, 
1.5799415634249852, 
1.5801362344546828, 
1.5803797023906585, 
1.5807381962629345, 
1.5810098064014404, 
1.5812712338918273, 
1.581222496014613, 
1.5811252553927284, 
1.5808877760118205, 
1.5806779990373916, 
1.580439870871624, 
1.580260214910193, 
1.5800959619406327, 
1.5799909722446632, 
1.579912057350704, 
1.5798840011740996, 
1.5798784605623675, 
1.5799120997309208, 
1.5799515178632448, 
1.580007566176745, 
1.5800253947241516, 
1.5800084895269007, 
1.5798626007222023, 
1.5796037102630194, 
1.5791327497595142, 
1.5783504128540737, 
1.5770006874063618, 
1.574673082558947, 
1.5705983345944172, 
1.5634427129268533, 
1.5508261225881463, 
1.5285576985904636, 
1.4892181867841734, 
1.4197031153545896, 
1.296843406937066, 
1.0796911362985475, 
0.695864573903408, 
0.0, 
