0.0, 
2.9290303490449667, 
4.566547577870225, 
5.492888031328366, 
6.016863187938993, 
6.31319177467914, 
6.480697121840895, 
6.575315243187363, 
6.62865506793204, 
6.658655577834692, 
6.675403742216468, 
6.684702362277425, 
6.689695329867267, 
6.692244800440754, 
6.69328729594411, 
6.693446637578973, 
6.692945035671592, 
6.692053455989653, 
6.6907508957755235, 
6.689284197975588, 
6.687519425809646, 
6.685803625277445, 
6.683733341698351, 
6.681440924766084, 
6.67850559692638, 
6.675085847421236, 
6.670726412759827, 
6.6657727914085685, 
6.659700359469787, 
6.653280698245903, 
6.645824014495623, 
6.638685527797068, 
6.630159043780986, 
6.620765798721984, 
6.608758690193627, 
6.594782134863339, 
6.57695779017691, 
6.5567110184790085, 
6.531884725431959, 
6.505692721611697, 
6.475307053668248, 
6.446428931553313, 
6.411962351179392, 
6.374101140669247, 
6.32556839933356, 
6.269074931543404, 
6.196823649196529, 
6.114936118331911, 
6.014575484010769, 
5.91001142213908, 
5.789915693657291, 
5.680648913678761, 
5.551924309693193, 
5.414430409973486, 
5.237819303727946, 
5.035846139326079, 
4.7783840208305515, 
4.49828321142093, 
4.167094791438329, 
3.867287391144797, 
3.5718480338415723, 
3.444351156705209, 
3.361814245870613, 
3.382678543357488, 
3.4049857316880336, 
3.4635563626211368, 
3.493067444777597, 
3.528890474747476, 
3.532249338590709, 
3.5502255093140676, 
3.556147765202495, 
3.6136368055633494, 
3.668338243933068, 
3.743929054345848, 
3.8045721345241663, 
3.86605641683419, 
3.9088736840464993, 
3.947084987565271, 
3.970258792287759, 
3.9934299004458342, 
4.009747480257601, 
4.036649692108761, 
4.060610705049153, 
4.088271892575943, 
4.1113835429717165, 
4.134101513503846, 
4.152494524172935, 
4.169553992386373, 
4.183778422673647, 
4.197301657328529, 
4.209954853362295, 
4.223178976258909, 
4.237477470992299, 
4.253142758493196, 
4.271661915412049, 
4.292083088762009, 
4.316956477186983, 
4.343176598266717, 
4.374480541237761, 
4.403887226611317, 
4.437329790079133, 
4.462989544609584, 
4.496352472281903, 
4.5317648051141886, 
4.5832575938084545, 
4.642419315401572, 
4.72304386770425, 
4.808793529416141, 
4.915364154449176, 
5.011121880016271, 
5.118537031336409, 
5.187157300323616, 
5.276234064664345, 
5.36246591669657, 
5.493568110354749, 
5.636907438836155, 
5.831876567179956, 
6.019357671892457, 
6.237027421507371, 
6.3805228248550705, 
6.501746517589251, 
6.454234830463188, 
6.391291740043516, 
6.2735481278569605, 
6.185950069058291, 
6.098185662118324, 
6.050096995213114, 
6.012591105098804, 
6.005768443854901, 
5.997982333374628, 
6.003000465615314, 
5.983830243504071, 
5.969331303019316, 
5.9459082191665775, 
5.931454972357036, 
5.9170356270676345, 
5.912494416694131, 
5.909938626916157, 
5.915251972787955, 
5.919464855777419, 
5.927294733086978, 
5.927485028391231, 
5.930103630444516, 
5.930577829536752, 
5.9362737822306535, 
5.943155804413145, 
5.956740163141039, 
5.971543593889167, 
5.9927436340214495, 
6.011310490984876, 
6.034039329821381, 
6.047173875596992, 
6.067683043405965, 
6.089106317134425, 
6.12628711281761, 
6.170440481294477, 
6.23600552176485, 
6.306878933550709, 
6.400042012771039, 
6.4846724061187855, 
6.5859784635649286, 
6.6537219655793045, 
6.7530291213702744, 
6.859773152282931, 
7.032238265515097, 
7.235028205489341, 
7.524544539669362, 
7.831667795496089, 
8.218945100538754, 
8.550983197601115, 
8.916243414879421, 
9.103162078624703, 
9.349409347061535, 
9.556745312288388, 
9.89875090231821, 
10.245990159604846, 
10.726296178042238, 
11.154839518809235, 
11.660700590663383, 
12.022326423091732, 
12.41056762111062, 
12.605890986425404, 
12.858610387969806, 
13.097025340055346, 
13.388940262454781, 
13.68325334461101, 
14.002350215691092, 
14.31737453345451, 
14.642308825157713, 
14.954545817060728, 
15.261236859697728, 
15.532766390950858, 
15.778353235889016, 
15.988484903452985, 
16.172461256950687, 
16.32926651756708, 
16.467386168982426, 
16.588017194130376, 
16.69751769272935, 
16.795365321811584, 
16.884751867445214, 
16.96128421537482, 
17.027208661240568, 
17.08118138217518, 
17.125754998311006, 
17.160942794618464, 
17.189065739181935, 
17.210115907921203, 
17.22589645481921, 
17.23555316438892, 
17.240485515423117, 
17.23865349548602, 
17.232310492860513, 
17.220065127022465, 
17.203176182971898, 
17.179552931868137, 
17.149818351625942, 
17.110835113450083, 
17.0634536282728, 
17.003372655918163, 
16.933300992143174, 
16.848121206970788, 
16.75579671353013, 
16.651641812911038, 
16.53915176875792, 
16.409650119589852, 
16.26449945571861, 
16.0908958472189, 
15.892394416730621, 
15.65207256136092, 
15.383034018813587, 
15.065370030007006, 
14.738375427789533, 
14.388280792788356, 
14.041007361969312, 
13.671833975666974, 
13.306111276520024, 
12.906662300840347, 
12.517686283024524, 
12.06924507190075, 
11.640544886161887, 
11.0473691819558, 
10.512120790793702, 
9.911506296416619, 
9.432398886689032, 
8.956506879310734, 
8.639492064314053, 
8.353139366314306, 
8.221326092939757, 
8.051319405054647, 
7.94251628901335, 
7.579287974145227, 
7.218016544497181, 
6.72933744245175, 
6.3166844870025844, 
5.895437336855348, 
5.585289528439642, 
5.305463058028928, 
5.1206302060338205, 
4.9397788581384745, 
4.806302565321899, 
4.6138168321003, 
4.44881244879184, 
4.270065672451501, 
4.130458376041936, 
4.0016035417554, 
3.9105736567760587, 
3.833027119779179, 
3.7832082810777528, 
3.7365323271932898, 
3.7031146910699997, 
3.6555583346657463, 
3.6153992988697543, 
3.571789176975697, 
3.538330142273905, 
3.5072521821403866, 
3.4860772059094014, 
3.467468016066227, 
3.4561277669553134, 
3.4435078442876184, 
3.434110585553509, 
3.417208950435372, 
3.403516334617932, 
3.388211858340597, 
3.3792695051211936, 
3.3714800808986096, 
3.371225536345181, 
3.3707245073604275, 
3.3768520070608847, 
3.3762544385539357, 
3.379407220089001, 
3.364957532410673, 
3.361604754696646, 
3.3596450589218083, 
3.385074146254287, 
3.424376996772414, 
3.5040791783356777, 
3.5960528944268404, 
3.7306874928812346, 
3.837089051963909, 
3.9502572435074876, 
3.9059839148744753, 
3.838889846318838, 
3.673169135837466, 
3.5282740250434697, 
3.3515987214034544, 
3.229198136791779, 
3.106810008098777, 
3.0411990277366474, 
2.9570471755914816, 
2.8964531366163966, 
2.7502961625950677, 
2.612135349120481, 
2.4385174109375747, 
2.295741513847695, 
2.1538459056974806, 
2.050922076883045, 
1.9589374287825982, 
1.8992213737043397, 
1.84025407570294, 
1.7971656504575957, 
1.7321349126639136, 
1.6766350486335497, 
1.6157364216756716, 
1.5698959126773155, 
1.528352197860625, 
1.5026444990806287, 
1.482435373994208, 
1.474886191879143, 
1.4677758540877324, 
1.467577654763164, 
1.4588893111149064, 
1.4566079726086494, 
1.4542225410595975, 
1.4630212101914206, 
1.4765182189665322, 
1.5036352701673021, 
1.534768162660194, 
1.5787170539086002, 
1.6190786334352545, 
1.66772106769876, 
1.699540267789723, 
1.7446068711792897, 
1.791029123024304, 
1.8642910664692995, 
1.9479237068448512, 
2.065079776337969, 
2.1858656001435746, 
2.335307163441281, 
2.459209537661122, 
2.593473530086087, 
2.6573765572944232, 
2.7440460816512555, 
2.8160588905167305, 
2.941621773280277, 
3.069098804319991, 
3.249647365468219, 
3.399614810773674, 
3.5684017133969936, 
3.6309347961738685, 
3.6611920059679948, 
3.5119635414874084, 
3.362527370702461, 
3.1768053914995407, 
3.0373735683328418, 
2.911978559544136, 
2.8335736324971452, 
2.7725467591481774, 
2.7439740979123717, 
2.7187043767875987, 
2.7072821403515093, 
2.67840601678125, 
2.655494894669858, 
2.6271814255107353, 
2.607249392842618, 
2.5883951885641006, 
2.5776675507212325, 
2.569139474657898, 
2.5665788684489614, 
2.5640507328746946, 
2.564088349451279, 
2.559936015802223, 
2.556652906823196, 
2.5516892677871836, 
2.548243798160448, 
2.5447130215478246, 
2.5428310985967273, 
2.5412819521221075, 
2.5410177274753547, 
2.540678621973721, 
2.5408931845802534, 
2.5400710098354784, 
2.539417167734712, 
2.5383258618441014, 
2.5375708400642316, 
2.536772115349, 
2.5363543224863694, 
2.536003844478032, 
2.535954383634384, 
2.535878292847275, 
2.535927078259538, 
2.53571245575075, 
2.5355188102823485, 
2.5351867759320963, 
2.5348813352059905, 
2.5344710654721148, 
2.533988202233795, 
2.5332333445820834, 
2.532042370949912, 
2.5299493044392034, 
2.526302169521801, 
2.5197961145143575, 
2.5083489850465384, 
2.488129843812123, 
2.4524680003967068, 
2.3894804657789894, 
2.2782180440997397, 
2.081602720629719, 
1.7341269423904393, 
1.1199781413445182, 
0.0, 
