0.0, 
2.929205558766739, 
4.566910258258164, 
5.493451793802921, 
6.017665075541787, 
6.314254329669145, 
6.482078996895134, 
6.577032248891551, 
6.63077465572592, 
6.661151025074612, 
6.6783303001066034, 
6.687956797600645, 
6.693386643843956, 
6.696405292040101, 
6.6981450672851786, 
6.699115352993384, 
6.699737827167764, 
6.700061695849862, 
6.700304427672873, 
6.700281096812123, 
6.700212027842153, 
6.699744257899193, 
6.699382804063695, 
6.6989265157150015, 
6.69878132052228, 
6.698624813779181, 
6.698832242572898, 
6.698830929769959, 
6.699080922667719, 
6.698572953593377, 
6.698074208204365, 
6.696051313411742, 
6.694541399668027, 
6.692698668782292, 
6.6921887569269565, 
6.6916945986719485, 
6.692772408532838, 
6.6930882285849576, 
6.694557122820399, 
6.6930364212849485, 
6.691709507197122, 
6.68422001268121, 
6.679076042093207, 
6.672885852549671, 
6.672718005978386, 
6.673353878668212, 
6.681512021712656, 
6.687791877250542, 
6.700453563890124, 
6.70217158213743, 
6.706362946799353, 
6.68517124917131, 
6.675529277008943, 
6.663843606866312, 
6.681411193571674, 
6.7078316207882125, 
6.772091449489204, 
6.834046017873616, 
6.924819678567887, 
6.958747551267383, 
6.977125616334804, 
6.8219517411563055, 
6.645791109809422, 
6.393003477006172, 
6.174105553512849, 
5.948130815489759, 
5.779026457662074, 
5.623698234866685, 
5.518050618682903, 
5.409304403826382, 
5.323439792688916, 
5.194191980590431, 
5.0784776490114005, 
4.9509514444919525, 
4.847646061353136, 
4.750672377417847, 
4.678740810612506, 
4.615952308644833, 
4.5719783223587065, 
4.530525615359089, 
4.498197239033366, 
4.456958912678414, 
4.420784982235199, 
4.382708848179322, 
4.351053185320825, 
4.321282515545438, 
4.297209821684103, 
4.275511050002208, 
4.257557314310913, 
4.240989949722845, 
4.225925674001177, 
4.210827856792673, 
4.195258815403893, 
4.178915575529768, 
4.160358135673398, 
4.140571764857104, 
4.1170507397882705, 
4.092990812669718, 
4.064695428394068, 
4.039283684938887, 
4.0108022532818985, 
3.9912196639189075, 
3.964894106474202, 
3.937781234480851, 
3.8960195718673796, 
3.848669532347624, 
3.7823874704942386, 
3.714513477282497, 
3.6298946837220316, 
3.5614047568394653, 
3.486692303091568, 
3.4573239739330757, 
3.4129312931614644, 
3.378531820189687, 
3.307123121819288, 
3.234993751065473, 
3.124943739025717, 
3.0412983409146364, 
2.947955963436192, 
2.9537791968703724, 
3.0021391593970175, 
3.2378970329298378, 
3.488219508989685, 
3.788176292796133, 
4.042396017279232, 
4.282817913728677, 
4.467190348625971, 
4.629377565303015, 
4.7497835559025186, 
4.864602094296937, 
4.959216815828826, 
5.072584009766704, 
5.1708899048394095, 
5.268679880969334, 
5.346410546387322, 
5.41512429801892, 
5.465307771299981, 
5.507145598392586, 
5.53549980341679, 
5.561086658104186, 
5.579368353935389, 
5.602412599228491, 
5.619231106667904, 
5.634741461957354, 
5.641271365755765, 
5.64326880685594, 
5.635270372712021, 
5.623075897471473, 
5.601674100429187, 
5.580249649109942, 
5.552258454915837, 
5.531483964765367, 
5.501329474120695, 
5.467979931741581, 
5.416550402792346, 
5.355177215710846, 
5.269282076887751, 
5.174222639344249, 
5.053314821196172, 
4.936996055782175, 
4.801532754302295, 
4.697618501212653, 
4.563144799020003, 
4.422770734090196, 
4.220362984323145, 
3.9925285703924325, 
3.6866856174597444, 
3.3763916709183066, 
3.007158022926558, 
2.7240078937633316, 
2.450324432327235, 
2.409577097988489, 
2.3722747721746678, 
2.45112696546887, 
2.4845494297398623, 
2.629658386169738, 
2.7802052249158837, 
3.1613423853562215, 
3.658334657061355, 
4.523691964049239, 
5.539911728386967, 
6.902426062591121, 
8.187496597632357, 
9.427524516017227, 
10.470555384857741, 
11.383741216019095, 
12.129682533508012, 
12.777879489324263, 
13.321325942681863, 
13.819567143451913, 
14.261015365364415, 
14.691606422546752, 
15.067097316782363, 
15.405621010347026, 
15.687304991178136, 
15.929795596644713, 
16.127997528864025, 
16.298172157311797, 
16.439836019461552, 
16.566666252441127, 
16.676793079752734, 
16.78080360569306, 
16.869485193141088, 
16.947276651288277, 
17.00968701475826, 
17.060756840942513, 
17.099037600861262, 
17.128142095365465, 
17.147633675876797, 
17.160662893276356, 
17.166669031075525, 
17.168462196721677, 
17.16378788492612, 
17.153260767497567, 
17.134777676306772, 
17.10812213473944, 
17.07129373685311, 
17.023806310764748, 
16.96391896853467, 
16.891849033544396, 
16.80680276963921, 
16.710759992712383, 
16.602703522831384, 
16.481050412931186, 
16.340905668200797, 
16.177626118637953, 
15.983792754218166, 
15.754429191542314, 
15.482261912974165, 
15.167031350999189, 
14.805760890776893, 
14.408939354436395, 
13.971920063963106, 
13.490767061177529, 
12.942539478421558, 
12.31191303850477, 
11.563095487062476, 
10.68653668663945, 
9.647073277216851, 
8.489010637954092, 
7.212322890820753, 
6.032872297263249, 
4.917128540604906, 
4.015939555695268, 
3.2122462026274152, 
2.5970925407447316, 
2.0209508965414464, 
1.5757558027427074, 
1.1406734462485086, 
0.897581198045967, 
0.794316554485697, 
0.6546809920524896, 
0.6547461825388284, 
0.7081449233459971, 
0.8335665182073276, 
1.0629316586609512, 
1.2470460433420634, 
1.4434049993660423, 
1.5738707429493124, 
1.7195635131434996, 
1.831551423398054, 
2.0120238616347192, 
2.17176042523997, 
2.3496533925538943, 
2.4908887000540956, 
2.6226279575456797, 
2.7167866802029144, 
2.7972306793789956, 
2.8493096536017943, 
2.8974688897004457, 
2.931439617170958, 
2.9785192374724296, 
3.0170149883446697, 
3.057539174169078, 
3.086256661965145, 
3.1105470294546276, 
3.122637126613131, 
3.129333147929946, 
3.1257878128207586, 
3.1199748913325123, 
3.1076586354780464, 
3.099126198431234, 
3.0846339482526655, 
3.0681127896246703, 
3.041382115809983, 
3.0077676797811397, 
2.9600360032894986, 
2.9034653425092087, 
2.830682085039018, 
2.752643758472544, 
2.660368931371137, 
2.573950278542168, 
2.4696952038393483, 
2.35494847194322, 
2.204365603121427, 
2.0261955980268764, 
1.7930855616773076, 
1.52767824332432, 
1.2026872967478521, 
0.8885031163746637, 
0.5664559243564189, 
0.4042403045473285, 
0.31485684399456976, 
0.23338473065605672, 
0.20238122901493172, 
0.17789705839396075, 
0.15570275919148818, 
0.16329410656005286, 
0.15850278998822134, 
0.16711443322726038, 
0.20469565376702026, 
0.19909218381336338, 
0.23151958541456452, 
0.32357511541496964, 
0.4065109272527944, 
0.502833225354071, 
0.5706666646873271, 
0.6344552650317736, 
0.6711356495603797, 
0.7103907397426045, 
0.7365337010222214, 
0.7865985156421712, 
0.8294706707726017, 
0.8796844969629695, 
0.9168166404839172, 
0.9512184812284921, 
0.9712152760638478, 
0.9868018050662576, 
0.9906819029912617, 
0.994853109164606, 
0.9927897194301377, 
0.9998023408097628, 
1.0010508905685809, 
1.0030398605850483, 
0.9945252193293738, 
0.9820405858362238, 
0.956717078029663, 
0.928277567610083, 
0.8879818511389017, 
0.8524188196961231, 
0.8097365482040482, 
0.7852815545659378, 
0.7489307669216402, 
0.713148857948586, 
0.6530632785321111, 
0.5866290463163362, 
0.4925648972523836, 
0.4043094569950371, 
0.3018100654297776, 
0.2481925501239487, 
0.22153316154560948, 
0.18564052212558854, 
0.1841240566149267, 
0.1939467630386854, 
0.2336724167250364, 
0.28413180331116217, 
0.3908652281912927, 
0.46770717355167146, 
0.5697240616947035, 
0.5823199654765827, 
0.6097866010861106, 
0.5523514509204042, 
0.6456453566094974, 
0.8566555688983526, 
1.0572953661061208, 
1.2598971152395477, 
1.4179899211217737, 
1.558155544285946, 
1.6620935806996846, 
1.7602394533124308, 
1.840378042538349, 
1.9346431622144193, 
2.015886135294462, 
2.0960591512331894, 
2.160237586272282, 
2.217235760500024, 
2.2602845779763445, 
2.2969636178369814, 
2.324051167924437, 
2.3487485670681307, 
2.368631291973979, 
2.39106088224019, 
2.4102725306357073, 
2.4291482996617195, 
2.4443141693905033, 
2.4578418793505104, 
2.46812050336052, 
2.4769228795272933, 
2.483459279632112, 
2.489427175458912, 
2.4942393366144078, 
2.499649070045191, 
2.5042859224942373, 
2.508845110288009, 
2.512514323906774, 
2.515792603461442, 
2.518287638434348, 
2.5204266082058715, 
2.5220155494923127, 
2.5234635257858673, 
2.524625360487365, 
2.52592177964668, 
2.5270140706832436, 
2.528058319202768, 
2.528835282747677, 
2.52942587254227, 
2.5296650297015773, 
2.5295309247293947, 
2.5287576353544767, 
2.5270534565588356, 
2.523698174709502, 
2.5175758047758547, 
2.5064631721886093, 
2.4866022860857853, 
2.4512386647123106, 
2.3885352725943387, 
2.2775047976120826, 
2.081101357694436, 
1.7338044997676878, 
1.1198225058208633, 
0.0, 
