0.0, 
6.083103293689319, 
9.494549721183613, 
11.424560322977353, 
12.516463583615517, 
13.134194890176847, 
13.483675806608971, 
13.681357159576898, 
13.79317079775143, 
13.856326896650625, 
13.891966629057388, 
13.91189050601809, 
13.92294551369108, 
13.928755628134875, 
13.931760259765726, 
13.933095774162622, 
13.933645014899662, 
13.933668978418478, 
13.933529140767797, 
13.93313852467443, 
13.932715372676242, 
13.931943504475145, 
13.931057165943978, 
13.92946992120937, 
13.927600682486535, 
13.924593373885733, 
13.92165190786114, 
13.918404857257698, 
13.915672774099585, 
13.9129071010608, 
13.910701522624228, 
13.908174190133769, 
13.905942927123538, 
13.902536393773424, 
13.898835773223508, 
13.892365209163378, 
13.884828588650791, 
13.872656795780841, 
13.860827310895113, 
13.847806035272733, 
13.837025063389966, 
13.8262503776763, 
13.818016665668802, 
13.808739710018946, 
13.801106284553459, 
13.789092254350825, 
13.776522413597407, 
13.753081339125925, 
13.726011234190734, 
13.680084887789553, 
13.636506150369604, 
13.588943234718187, 
13.55266333482228, 
13.518850656841812, 
13.499680096780168, 
13.481065192734103, 
13.476761108310013, 
13.46223280396027, 
13.45688892298908, 
13.415273590461629, 
13.371241464777832, 
13.250556837972372, 
13.153422962878478, 
13.051553522100015, 
13.025650809130351, 
13.042031266745198, 
13.173219112460082, 
13.362176722167705, 
13.690178651358892, 
14.034045657090958, 
14.484393338213572, 
14.757740770755639, 
14.974858830420041, 
14.658891621042544, 
14.291416000613749, 
13.75553900999964, 
13.337623239648497, 
12.948451155538724, 
12.708515674068941, 
12.535636765073669, 
12.482433564789309, 
12.47623034836952, 
12.547211540847576, 
12.617460811689421, 
12.713180060578322, 
12.741269770700972, 
12.77070060136009, 
12.770154826020287, 
12.78029369425395, 
12.782905079950394, 
12.799329830188576, 
12.816801406159097, 
12.84747604659748, 
12.880331151531768, 
12.92302231048762, 
12.961991818692015, 
13.002796332368673, 
13.026761944801658, 
13.04725037436947, 
13.05783767554295, 
13.067483622597797, 
13.07269316248514, 
13.078653317150815, 
13.082786181018072, 
13.088173389739636, 
13.09227042183995, 
13.09708731462673, 
13.099212155332221, 
13.100360029317335, 
13.095778487493078, 
13.089669989966792, 
13.080187454969598, 
13.069877814636609, 
13.057115457173545, 
13.043107738214898, 
13.025994269339312, 
13.006378072458142, 
12.98197664441127, 
12.953522562065768, 
12.918211426715365, 
12.878062500781523, 
12.830049422176062, 
12.779939397380144, 
12.725835957203772, 
12.670194178297018, 
12.609251205427363, 
12.543260682872084, 
12.466641069782598, 
12.379218633363452, 
12.273610175207759, 
12.151460091836375, 
12.003793884720803, 
11.838382568318117, 
11.64600951959033, 
11.449650027304072, 
11.243622202844334, 
11.039257498825437, 
10.823998727193409, 
10.602795138242488, 
10.357237255238212, 
10.094325342357195, 
9.789105534241116, 
9.46011215652781, 
9.067470227860285, 
8.653531645981905, 
8.135846089361616, 
7.640359190086302, 
7.122216143420588, 
6.6727635315358675, 
6.246295967956705, 
5.905158401329276, 
5.604309951274919, 
5.388372440598313, 
5.206893642130287, 
5.094855792676294, 
4.976125056827659, 
4.884126680349904, 
4.687031949882851, 
4.492278113946274, 
4.241102999851167, 
4.021646629960783, 
3.794936749236088, 
3.6187405064626184, 
3.4593119247069133, 
3.3518355026163946, 
3.2607650881854324, 
3.208705489833081, 
3.149008593036575, 
3.101651818492407, 
3.0019848070656674, 
2.906242854417028, 
2.790908005283525, 
2.6941014107293846, 
2.5999229520858504, 
2.5292108642769047, 
2.4681805361611713, 
2.428071540719551, 
2.3953348729790847, 
2.376962617398351, 
2.356663587833398, 
2.34110377353699, 
2.3094193414544666, 
2.2802985878370423, 
2.246403412973637, 
2.2199373121524992, 
2.195590059977008, 
2.180241037301598, 
2.1687856054082, 
2.1656021613212975, 
2.1646973675440466, 
2.1697168113352068, 
2.1719129352050275, 
2.175903874119083, 
2.1691540029784555, 
2.165036097727179, 
2.1590112108920243, 
2.1611183830671696, 
2.1669944567854764, 
2.184487386495549, 
2.2073040135898196, 
2.2432819506219612, 
2.2812009734597636, 
2.3302974591971983, 
2.3689174243049718, 
2.4108083504224975, 
2.4203280042830833, 
2.43892097552715, 
2.4536373313627955, 
2.4986163217563018, 
2.560172319586515, 
2.6684096383591593, 
2.8001855104319615, 
2.987581149718623, 
3.181651834880087, 
3.4175339941697134, 
3.585620656600387, 
3.730497469708073, 
3.651591983787188, 
3.5301753598254035, 
3.3015564480580926, 
3.0970313890830483, 
2.8750403381183602, 
2.709645188518787, 
2.562296667263747, 
2.473117092799909, 
2.4013084453828837, 
2.371139118304902, 
2.330866334089285, 
2.3021200163996287, 
2.2171621622372175, 
2.1355154249873167, 
2.0342068029838867, 
1.95087446540663, 
1.8700683048023834, 
1.8112468989731099, 
1.7613449505855192, 
1.7305169206395055, 
1.7063844327868607, 
1.6951313046108352, 
1.6823050787348164, 
1.6736193085688016, 
1.6509402032240552, 
1.6300173939762284, 
1.6045998628161657, 
1.5847289886309415, 
1.5660969571738927, 
1.5541576070085392, 
1.545047417687658, 
1.542000211131331, 
1.5408462879934646, 
1.5440094124949229, 
1.54580893702276, 
1.5490128869376727, 
1.5457887464857938, 
1.5439680085425844, 
1.5407825540699325, 
1.5419098125673383, 
1.5449266531901358, 
1.5539976607970816, 
1.5658916399363347, 
1.5844648271041664, 
1.6042709928766141, 
1.6296082306125215, 
1.6504542756453071, 
1.6730459724981184, 
1.6816706903816447, 
1.6944179050732022, 
1.7055867718227296, 
1.72958505783857, 
1.760239707849997, 
1.8098800193572835, 
1.8683713913611437, 
1.9487163172856568, 
2.031510371093282, 
2.132123466255482, 
2.213069864331889, 
2.2972141196473164, 
2.325362090686702, 
2.3648857040400477, 
2.3942752191181755, 
2.464882538388518, 
2.552542546533492, 
2.697631395956527, 
2.860241999918928, 
3.0784299576899508, 
3.2787553233932196, 
3.502258567447042, 
3.6193602322500786, 
3.6941787701628632, 
3.5489170964790815, 
3.381259424894369, 
3.1477981707636347, 
2.955775749791539, 
2.770802058989109, 
2.64033514496495, 
2.533068076298895, 
2.4712047319437973, 
2.425633246370983, 
2.409336290452478, 
2.3896585646743067, 
2.378766696323559, 
2.3372963585466775, 
2.298752827081194, 
2.2500959164275587, 
2.2114645645162563, 
2.174236626378798, 
2.148538428492249, 
2.1273458196024193, 
2.115953466486589, 
2.1078796414381067, 
2.106395050180251, 
2.103957832399366, 
2.103554559240109, 
2.0956713883313833, 
2.0884315227179893, 
2.078569775889782, 
2.0713145922683625, 
2.0644444031696376, 
2.060897980954973, 
2.0586449773579316, 
2.059542023028136, 
2.061261898876949, 
2.0652918508416365, 
2.068252724358353, 
2.071906422782762, 
2.071431422148846, 
2.0717970253812115, 
2.071284577999044, 
2.07359117168998, 
2.077131525751423, 
2.0847511955663807, 
2.0942039440501374, 
2.108256921585362, 
2.1229615459890914, 
2.141503108968261, 
2.1564732278096863, 
2.1725824074304443, 
2.178112571784617, 
2.186763957600854, 
2.1942652245466205, 
2.211608709833548, 
2.2341094424214316, 
2.2713132357774555, 
2.3154803961074726, 
2.376884598221486, 
2.4405564029106497, 
2.5188564522105095, 
2.58228598708724, 
2.649288062421455, 
2.6719699100787757, 
2.70535047369044, 
2.7319735133750314, 
2.79552485549173, 
2.8767708343919143, 
3.0120563547828216, 
3.1688669332701824, 
3.3833140415403005, 
3.591296635177592, 
3.831487098697278, 
3.9782353938024144, 
4.087553363837614, 
3.965352740601494, 
3.8095916029205408, 
3.568266676463264, 
3.362630041096688, 
3.1552680105671382, 
3.0052358262689403, 
2.877736570033898, 
2.801884486337973, 
2.7435358731304733, 
2.719782981942524, 
2.690563612390632, 
2.6715189463597344, 
2.613011895361106, 
2.5579442246448423, 
2.4897580523327996, 
2.4345943230786267, 
2.3814134014496173, 
2.3433732923664667, 
2.311403092104155, 
2.292260838276498, 
2.2776339101294467, 
2.2715671750809543, 
2.264602332387105, 
2.2603445815728347, 
2.2470840563912815, 
2.2346507913538955, 
2.2190363330898673, 
2.2063846388544897, 
2.194071054095134, 
2.185262210510392, 
2.1778160264895448, 
2.1733843432740736, 
2.1699948110532183, 
2.168638509494061, 
2.167052916498961, 
2.1661097937719576, 
2.1629867839383063, 
2.1600477279105483, 
2.156322326514557, 
2.1532984122426555, 
2.1503428097087807, 
2.148226958347519, 
2.146433993177126, 
2.14536761185985, 
2.144550770304787, 
2.144225458909537, 
2.143843052797461, 
2.143615207335948, 
2.1428560471740354, 
2.1421384102875884, 
2.1412253647270907, 
2.140476130462189, 
2.1397338155100725, 
2.139179250531176, 
2.1386771329115826, 
2.138305602833201, 
2.137917623575714, 
2.137511524343199, 
2.1368546191186275, 
2.1358120740551705, 
2.1339002794781776, 
2.130677008113521, 
2.1250747019261436, 
2.1153837129054005, 
2.09840523127458, 
2.068584693986767, 
2.016010014050622, 
1.9232215230270395, 
1.7593113969751681, 
1.4696831904886107, 
0.9578126698108964, 
0.0, 
