0.0, 
2.2918784248296857, 
3.5776009717368544, 
4.30498324524849, 
4.716487599617492, 
4.94928430249596, 
5.08097614442637, 
5.15546487040417, 
5.197587478928144, 
5.221393006627515, 
5.234829882982476, 
5.242391344865522, 
5.246620826039202, 
5.248952320189403, 
5.2502015450745185, 
5.250823952576862, 
5.25108860191697, 
5.251141063143433, 
5.2510870466459565, 
5.250973396629027, 
5.250835240570303, 
5.250680147274352, 
5.250515676514667, 
5.250334232504259, 
5.250133046614156, 
5.249897069707105, 
5.249619941984393, 
5.249280739035094, 
5.248874223823619, 
5.248374919403234, 
5.247787938398525, 
5.24708947263048, 
5.246315587930535, 
5.245457729202626, 
5.244612445988932, 
5.2437784444418565, 
5.242992537067885, 
5.242222941450215, 
5.241466035743969, 
5.240669669460348, 
5.239811046170656, 
5.238821098960565, 
5.237669846128971, 
5.236268712868566, 
5.234594870247024, 
5.232542643201752, 
5.230132568476494, 
5.2272662433960315, 
5.224091542036623, 
5.220572513426988, 
5.2171058076236045, 
5.21368589766343, 
5.210464486982838, 
5.207311270213638, 
5.204212133652777, 
5.200953463847781, 
5.1974427097169515, 
5.193397141342992, 
5.188695164891749, 
5.182974161110224, 
5.176142350153513, 
5.167766192811986, 
5.157931662396148, 
5.146231387282923, 
5.133272275305855, 
5.118895148841538, 
5.104732666737841, 
5.090758097407029, 
5.077603149851418, 
5.064733620767374, 
5.052103105823409, 
5.038838324382394, 
5.024575149416176, 
5.008159184249923, 
4.989115324295861, 
4.965961328860223, 
4.938356036530385, 
4.904511351020354, 
4.864822942355653, 
4.817545228578824, 
4.765208319279049, 
4.706939697234682, 
4.649627886820107, 
4.593106716801897, 
4.540211085275611, 
4.488786296468759, 
4.438929550882953, 
4.387188280714055, 
4.332485432527106, 
4.2703592664738235, 
4.1995692448351605, 
4.114493186265246, 
4.0149375587216465, 
3.893976256408763, 
3.754954577385599, 
3.589546810118128, 
3.4096721843402604, 
3.204491163076977, 
3.007734381707461, 
2.8157398036855454, 
2.6479625763712837, 
2.4969594188644786, 
2.3715945409168513, 
2.2634260042977115, 
2.175992350524946, 
2.101576136576683, 
2.0416168224260125, 
1.9892242941305927, 
1.9455842909162047, 
1.9035936082047025, 
1.8653403728875577, 
1.821288981791352, 
1.7760563785744754, 
1.7153201239625606, 
1.6559959905292767, 
1.5930101440331492, 
1.537705215252341, 
1.4858540601513373, 
1.44336353455392, 
1.4062914784680582, 
1.377409812540693, 
1.3532878175368743, 
1.335321921784702, 
1.3204542285480205, 
1.3097014927449289, 
1.2997647327500055, 
1.2918006789260978, 
1.2812271820715269, 
1.270080824917307, 
1.251902136940425, 
1.2338599674757127, 
1.2139883025419684, 
1.1968037015896216, 
1.180747468408213, 
1.168044408361549, 
1.1572537652969743, 
1.1494423449107514, 
1.143349136577071, 
1.1396174526738077, 
1.137039873854479, 
1.1361970726587347, 
1.1355800334574395, 
1.1358697929629067, 
1.1346974372484737, 
1.1331735390344329, 
1.1278256981918122, 
1.122430547771558, 
1.115963941082657, 
1.1108860334808561, 
1.106395038754701, 
1.1039141100461323, 
1.1026403582660418, 
1.1036031477892663, 
1.1059012608248713, 
1.1105922284491938, 
1.1163487258780749, 
1.1244592105938742, 
1.1324513059870744, 
1.1419142266535083, 
1.148051315820393, 
1.1532962698579192, 
1.150023281771865, 
1.1463935752850265, 
1.1401492760705736, 
1.1369570942290679, 
1.1350762916679822, 
1.1383212065555723, 
1.1447996553820328, 
1.157929277993964, 
1.1751615721597268, 
1.2005419157172592, 
1.2295512202204129, 
1.2673639027748893, 
1.3046399585387025, 
1.3477877237628069, 
1.3778216284089129, 
1.404381176036013, 
1.3965363386913758, 
1.3869591933926104, 
1.3664155666868134, 
1.358014072451325, 
1.3547850550311284, 
1.3726398343784347, 
1.4040173910107354, 
1.4634571157500924, 
1.5405808723882504, 
1.6527080532838665, 
1.7807668287221667, 
1.9466013358489127, 
2.1091407222624268, 
2.2940675169588483, 
2.4147793071017665, 
2.5080514477417877, 
2.4298208033275177, 
2.3198820138604375, 
2.1371514488129035, 
1.9725480037893346, 
1.799146123894908, 
1.6630663485254777, 
1.541534467130675, 
1.456936431716934, 
1.3907480067692446, 
1.3553178465162108, 
1.3346420493996383, 
1.3376319030359993, 
1.346343513761615, 
1.3688909921872683, 
1.3787033353955656, 
1.3864068806053598, 
1.353780501194462, 
1.3169092644198421, 
1.264382846746519, 
1.218699819512161, 
1.1722925656979628, 
1.1363397226191105, 
1.104695438229358, 
1.0827654420754336, 
1.0657130290603003, 
1.0565462818238516, 
1.0511804043926098, 
1.0518146334043477, 
1.053937019476602, 
1.0595671310976977, 
1.0620664467358156, 
1.0640853311959986, 
1.05607906038919, 
1.047046596170676, 
1.0341249863718667, 
1.022956374790847, 
1.0116389878042764, 
1.003017163631819, 
0.9955325141069975, 
0.9906154705668934, 
0.987001973003219, 
0.9855588108097806, 
0.9851357181026594, 
0.9864387776001504, 
0.9880513720958626, 
0.9906787574252186, 
0.9920715401150721, 
0.9932059610627185, 
0.9907483316308973, 
0.9879903948162589, 
0.9839362798535546, 
0.9807215418360398, 
0.9776448859531345, 
0.975911520673776, 
0.9748752036138293, 
0.9753452299073793, 
0.97664750532008, 
0.9795409819398325, 
0.983096778253343, 
0.9881915960926875, 
0.9931601480252961, 
0.9990618163844006, 
1.0027155400681311, 
1.0057356251537575, 
1.0030950075362859, 
1.000185676884523, 
0.9955166872701225, 
0.9928026038007799, 
0.9908848445423687, 
0.9922296916634161, 
0.9955818837635402, 
1.0031242670864258, 
1.013190515873761, 
1.0283636995994692, 
1.0457321326610323, 
1.0686297528012467, 
1.0910590112786225, 
1.1171962820890733, 
1.1347483483866474, 
1.150025031273044, 
1.1426770332042941, 
1.1343015353524086, 
1.1187360683637222, 
1.1115346015222363, 
1.1080843418592292, 
1.1193575484085907, 
1.1404529522992792, 
1.181777262879767, 
1.2367854614675882, 
1.318490785529451, 
1.4147606786708409, 
1.5428476423534578, 
1.674848484943331, 
1.8313540376384612, 
1.946705475000455, 
2.0471007233751566, 
2.0070936448357224, 
1.9363866681517328, 
1.792547832751096, 
1.6570513199781172, 
1.5042315905234092, 
1.3810278788935344, 
1.2665431649733874, 
1.1858199322118539, 
1.1212671486462913, 
1.0873608521142186, 
1.0680490335765724, 
1.0738067053892748, 
1.0856006873468178, 
1.1127949524116059, 
1.125734500245581, 
1.1362233370244448, 
1.0995954525936171, 
1.0572374720654267, 
0.9953574989643484, 
0.9408585188000964, 
0.8847629348897441, 
0.8409178439170543, 
0.8020003959713692, 
0.7748691860370249, 
0.7536544878921723, 
0.742217996915837, 
0.7354910933575439, 
0.7363096051770828, 
0.7389536788351054, 
0.7460386787565373, 
0.7490188291227954, 
0.751339423988786, 
0.7405868697025946, 
0.7285269646787585, 
0.7114193458317162, 
0.6967193202266749, 
0.6819296127000999, 
0.6708729456292649, 
0.6614746119869095, 
0.6557317302971578, 
0.6519090425793648, 
0.6513082263357985, 
0.652245517078969, 
0.6558650859585751, 
0.6599192450088907, 
0.6656016567972093, 
0.6691627141983386, 
0.67228113545645, 
0.6693012453912817, 
0.6658720273268555, 
0.6603148107041207, 
0.6563697364436117, 
0.6528471200905279, 
0.651985990388712, 
0.6526496972396421, 
0.6565119756292898, 
0.6622827010471356, 
0.6716814215361007, 
0.6827312962946572, 
0.6974815942394542, 
0.7121542536462405, 
0.7292096933835562, 
0.7413001738897186, 
0.7521076248436014, 
0.7500792373635781, 
0.7473965796430581, 
0.7406876568098876, 
0.738305664848512, 
0.7376906745166174, 
0.7444112037710479, 
0.7556905565428487, 
0.7764378090866249, 
0.8028686888356442, 
0.8406313409732817, 
0.8830233337062787, 
0.9370491521494061, 
0.989293476848606, 
1.048337886542262, 
1.088465627468039, 
1.1229443534080479, 
1.1128249573192026, 
1.100449325452214, 
1.0748388913671396, 
1.063632663662131, 
1.0580224790729422, 
1.0754564373201478, 
1.1060677355481916, 
1.1643366101824162, 
1.2366983539075342, 
1.3387915625793034, 
1.4475255807079273, 
1.5813511838049192, 
1.6981819014022228, 
1.8209646089469536, 
1.8791977564509972, 
1.9111004729199104, 
1.8249039623371883, 
1.7279320683999864, 
1.5985568142284163, 
1.490825400429774, 
1.3873329151953542, 
1.310415625217953, 
1.2456870258116763, 
1.2027415078944348, 
1.1709223032137681, 
1.155433618007423, 
1.147883863148667, 
1.152206194552357, 
1.1596310584258522, 
1.1738504756225738, 
1.182463112599932, 
1.190333757855169, 
1.1802585840532864, 
1.168248837567701, 
1.149276282795, 
1.132994611512688, 
1.116120613008068, 
1.1033645866829942, 
1.092141376709914, 
1.084734531531916, 
1.0791699595951443, 
1.0767379437131992, 
1.0758062584012567, 
1.0773195118042498, 
1.0794802087021234, 
1.0831277094455687, 
1.0855918830366875, 
1.0879055567716063, 
1.0862016382417434, 
1.0839713688475898, 
1.0800498669910645, 
1.0766314101921926, 
1.0729784616386058, 
1.070200989217446, 
1.067720794337138, 
1.0660894879918414, 
1.0648604461216364, 
1.064348151988827, 
1.0641775426143363, 
1.0645777378757668, 
1.0651289062155787, 
1.0660325112848175, 
1.0666561022253223, 
1.067243760888804, 
1.0668693823687685, 
1.0663633128248158, 
1.065444624467854, 
1.0646403243412665, 
1.0637737946173191, 
1.063113861941368, 
1.0625222266307215, 
1.0621332254446874, 
1.0618397554045125, 
1.0617185230508448, 
1.0616792943596576, 
1.0617778505876088, 
1.061912876205637, 
1.062133265312564, 
1.0622859764920187, 
1.0624299952988534, 
1.062340683807682, 
1.0622190281889718, 
1.061996758542199, 
1.0618016763800835, 
1.0615909352332282, 
1.0614297328875524, 
1.0612845254404353, 
1.0611876976116632, 
1.0611132188040313, 
1.0610791270052733, 
1.061063296465878, 
1.061077887752343, 
1.0610973588014625, 
1.0611300367667917, 
1.0611350420690275, 
1.0611165037495696, 
1.0610058646720761, 
1.0608198976849303, 
1.0604909059767942, 
1.0599563090615955, 
1.0590441725355768, 
1.0574824591105345, 
1.0547572307624307, 
1.0499799377990742, 
1.0415629808306668, 
1.026712561170869, 
1.0004817774268202, 
0.9541340406617567, 
0.8722223811202146, 
0.7274471507776005, 
0.47155186662789705, 
0.0, 
