0.0, 
0.07308332905156192, 
0.11289227422192868, 
0.13541384476172982, 
0.148155230834825, 
0.1553635611214555, 
0.15944161237775864, 
0.16174873502048245, 
0.16305396993185534, 
0.16379239541961169, 
0.16421015331888594, 
0.16444649626996619, 
0.16458020526451042, 
0.16465584997564162, 
0.16469864531528924, 
0.16472285640455403, 
0.16473655361387785, 
0.1647443026863979, 
0.1647486866522588, 
0.16475116683864152, 
0.16475256997883989, 
0.16475336379006716, 
0.16475381287925253, 
0.16475406694541794, 
0.16475421067942336, 
0.16475429199432362, 
0.16475433799645295, 
0.16475436402092983, 
0.1647543787434168, 
0.16475438707205425, 
0.16475439178354664, 
0.1647543944487631, 
0.16475439595638725, 
0.1647543968091669, 
0.16475439729151392, 
0.16475439756432148, 
0.16475439771860562, 
0.16475439780585188, 
0.16475439785518378, 
0.16475439788307417, 
0.1647543978988398, 
0.1647543979077501, 
0.16475439791278482, 
0.164754397915629, 
0.16475439791723523, 
0.16475439791814206, 
0.16475439791865382, 
0.16475439791894253, 
0.1647543979191053, 
0.16475439791919702, 
0.16475439791924865, 
0.16475439791927765, 
0.1647543979192939, 
0.16475439791930288, 
0.16475439791930804, 
0.16475439791931112, 
0.16475439791931287, 
0.16475439791931384, 
0.1647543979193144, 
0.16475439791931473, 
0.16475439791931493, 
0.164754397919315, 
0.16475439791931504, 
0.16475439791931507, 
0.16475439791931507, 
0.16475439791931507, 
0.16475439791931507, 
0.16475439791931507, 
0.16475439791931507, 
0.16475439791931507, 
0.16475439791931507, 
0.16475439791931507, 
0.16475439791931504, 
0.164754397919315, 
0.16475439791931493, 
0.16475439791931476, 
0.1647543979193145, 
0.1647543979193141, 
0.1647543979193141, 
0.16475439791931454, 
0.1647543979193148, 
0.16475439791931493, 
0.164754397919315, 
0.16475439791931504, 
0.16475439791931507, 
0.16475439791931507, 
0.16475439791931507, 
0.16475439791931507, 
0.16475439791931507, 
0.16475439791931507, 
0.16475439791931507, 
0.16475439791931507, 
0.16475439791931507, 
0.16475439791931507, 
0.16475439791931507, 
0.16475439791931507, 
0.16475439791931504, 
0.164754397919315, 
0.16475439791931493, 
0.16475439791931476, 
0.1647543979193145, 
0.1647543979193141, 
0.1647543979193141, 
0.16475439791931454, 
0.1647543979193148, 
0.16475439791931493, 
0.164754397919315, 
0.16475439791931504, 
0.16475439791931507, 
0.16475439791931507, 
0.16475439791931507, 
0.16475439791931507, 
0.16475439791931507, 
0.16475439791931507, 
0.16475439791931507, 
0.16475439791931507, 
0.16475439791931507, 
0.16475439791931507, 
0.16475439791931507, 
0.16475439791931507, 
0.16475439791931507, 
0.16475439791931507, 
0.16475439791931507, 
0.16475439791931507, 
0.16475439791931507, 
0.16475439791931507, 
0.16475439791931507, 
0.16475439791931507, 
0.16475439791931507, 
0.16475439791931507, 
0.16475439791931507, 
0.16475439791931507, 
0.16475439791931507, 
0.16475439791931507, 
0.16475439791931507, 
0.16475439791931507, 
0.16475439791931507, 
0.16475439791931507, 
0.16475439791931507, 
0.16475439791931507, 
0.16475439791931507, 
0.16475439791931507, 
0.16475439791931507, 
0.16475439791931507, 
0.16475439791931507, 
0.16475439791931507, 
0.16475439791931507, 
0.16475439791931507, 
0.16475439791931507, 
0.16475439791931504, 
0.164754397919315, 
0.16475439791931493, 
0.16475439791931482, 
0.1647543979193146, 
0.1647543979193142, 
0.16475439791931357, 
0.16475439791931393, 
0.16475439791931393, 
0.1647543979193136, 
0.16475439791931423, 
0.16475439791931454, 
0.16475439791931468, 
0.16475439791931457, 
0.1647543979193141, 
0.1647543979193129, 
0.1647543979193101, 
0.1647543979193039, 
0.16475439791929042, 
0.16475439791926158, 
0.16475439791920127, 
0.16475439791907728, 
0.1647543979188265, 
0.16475439791832738, 
0.16475439791734842, 
0.16475439791545451, 
0.16475439791183658, 
0.16475439790500443, 
0.16475439789223656, 
0.16475439786859783, 
0.1647543978251927, 
0.16475439774606523, 
0.16475439760270788, 
0.16475439734434422, 
0.16475439688074556, 
0.16475439605185552, 
0.16475439457410476, 
0.16475439194553468, 
0.1647543872781236, 
0.1647543790014525, 
0.16475436433896384, 
0.16475433838227088, 
0.16475429245499223, 
0.16475421122075865, 
0.16475406757142513, 
0.1647538135915762, 
0.16475336458749756, 
0.16475257085692313, 
0.16475116778944005, 
0.16474868766430095, 
0.16474430374484508, 
0.16473655470092274, 
0.164722857500045, 
0.16469864639755874, 
0.1646558510224978, 
0.1645802062543386, 
0.1644464971828687, 
0.16421015413779655, 
0.16379239613130928, 
0.163053970527806, 
0.161748735497461, 
0.15944161273820126, 
0.1553635613735192, 
0.1481552309921435, 
0.13541384484287516, 
0.11289227424960353, 
0.07308332905156198, 
0.0, 
