0.0, 
1.4616665810312384, 
2.257845484438574, 
2.7082768952345964, 
2.9631046166965005, 
3.10727122242911, 
3.188832247555173, 
3.234974700409649, 
3.2610793986371065, 
3.2758479083922336, 
3.284203066377719, 
3.288929925399324, 
3.2916041052902085, 
3.2931169995128324, 
3.2939729063057848, 
3.294457128091081, 
3.294731072277557, 
3.294886053727958, 
3.2949737330451763, 
3.2950233367728305, 
3.295051399576798, 
3.2950672758013435, 
3.2950762575850505, 
3.295081338908359, 
3.295084213588467, 
3.295085839886472, 
3.2950867599290588, 
3.2950872804185964, 
3.295087574868336, 
3.295087741441085, 
3.295087835670933, 
3.2950878889752624, 
3.2950879191277447, 
3.295087936183338, 
3.2950879458302786, 
3.2950879512864297, 
3.295087954372112, 
3.2950879561170376, 
3.2950879571036755, 
3.2950879576614835, 
3.295087957976796, 
3.2950879581550017, 
3.2950879582556962, 
3.2950879583125796, 
3.2950879583447046, 
3.295087958362841, 
3.2950879583730766, 
3.2950879583788506, 
3.2950879583821058, 
3.2950879583839403, 
3.295087958384973, 
3.2950879583855532, 
3.295087958385878, 
3.2950879583860577, 
3.2950879583861608, 
3.2950879583862225, 
3.2950879583862576, 
3.295087958386277, 
3.295087958386288, 
3.295087958386295, 
3.2950879583862984, 
3.2950879583863, 
3.2950879583863006, 
3.295087958386301, 
3.2950879583863015, 
3.2950879583863015, 
3.2950879583863015, 
3.2950879583863015, 
3.2950879583863015, 
3.2950879583863015, 
3.2950879583863015, 
3.295087958386301, 
3.2950879583863006, 
3.2950879583863, 
3.2950879583862984, 
3.2950879583862953, 
3.2950879583862904, 
3.295087958386282, 
3.295087958386282, 
3.295087958386291, 
3.2950879583862958, 
3.2950879583862984, 
3.2950879583863, 
3.2950879583863006, 
3.295087958386301, 
3.2950879583863015, 
3.2950879583863015, 
3.2950879583863015, 
3.2950879583863015, 
3.2950879583863015, 
3.2950879583863015, 
3.2950879583863015, 
3.2950879583863015, 
3.2950879583863015, 
3.2950879583863015, 
3.295087958386301, 
3.2950879583863006, 
3.2950879583863, 
3.2950879583862984, 
3.2950879583862953, 
3.2950879583862904, 
3.295087958386282, 
3.295087958386282, 
3.295087958386291, 
3.2950879583862958, 
3.2950879583862984, 
3.2950879583863, 
3.2950879583863006, 
3.295087958386301, 
3.2950879583863015, 
3.2950879583863015, 
3.2950879583863015, 
3.2950879583863015, 
3.2950879583863015, 
3.2950879583863015, 
3.2950879583863015, 
3.2950879583863015, 
3.2950879583863015, 
3.2950879583863015, 
3.2950879583863015, 
3.2950879583863015, 
3.2950879583863015, 
3.2950879583863015, 
3.2950879583863015, 
3.2950879583863015, 
3.2950879583863015, 
3.2950879583863015, 
3.2950879583863015, 
3.2950879583863015, 
3.2950879583863015, 
3.2950879583863015, 
3.2950879583863015, 
3.2950879583863015, 
3.2950879583863015, 
3.2950879583863015, 
3.2950879583863015, 
3.2950879583863015, 
3.2950879583863015, 
3.2950879583863015, 
3.2950879583863015, 
3.2950879583863015, 
3.2950879583863015, 
3.2950879583863015, 
3.2950879583863015, 
3.2950879583863015, 
3.2950879583863015, 
3.2950879583863015, 
3.2950879583863015, 
3.295087958386301, 
3.2950879583863006, 
3.2950879583863, 
3.2950879583862984, 
3.295087958386296, 
3.2950879583862918, 
3.295087958386284, 
3.2950879583862713, 
3.2950879583862784, 
3.2950879583862784, 
3.2950879583862718, 
3.2950879583862847, 
3.295087958386291, 
3.2950879583862935, 
3.2950879583862913, 
3.295087958386282, 
3.295087958386258, 
3.295087958386202, 
3.295087958386078, 
3.295087958385808, 
3.2950879583852317, 
3.2950879583840256, 
3.295087958381546, 
3.2950879583765302, 
3.2950879583665476, 
3.2950879583469685, 
3.2950879583090904, 
3.2950879582367314, 
3.2950879581000887, 
3.295087957844731, 
3.2950879573719565, 
3.295087956503854, 
3.295087954921305, 
3.2950879520541574, 
3.295087946886884, 
3.295087937614911, 
3.2950879210371102, 
3.2950878914820954, 
3.2950878389106935, 
3.2950877455624723, 
3.2950875800290502, 
3.295087286779277, 
3.295086767645418, 
3.2950858490998445, 
3.295084224415173, 
3.2950813514285024, 
3.2950762718315243, 
3.2950672917499513, 
3.2950514171384624, 
3.295023355788801, 
3.294973753286019, 
3.2948860748969016, 
3.294731094018455, 
3.2944571500009, 
3.2939729279511747, 
3.293117020449956, 
3.291604125086772, 
3.2889299436573736, 
3.2842030827559308, 
3.2758479226261854, 
3.2610794105561203, 
3.2349747099492197, 
3.188832254764025, 
3.1072712274703838, 
2.96310461984287, 
2.7082768968575035, 
2.2578454849920706, 
1.4616665810312397, 
0.0, 
