0.0, 
1.1430031604111202, 
1.7828489514527934, 
2.1448837687809954, 
2.349766403975941, 
2.465749617693022, 
2.5314694204658363, 
2.568762965695086, 
2.5900238376655103, 
2.602220858964769, 
2.60936137702754, 
2.613627032453864, 
2.6163547672694603, 
2.6181326753065672, 
2.619455868135649, 
2.620289443918484, 
2.620900981282649, 
2.620938803950899, 
2.620902590994399, 
2.6206910058729016, 
2.6206379423783126, 
2.6206537158171064, 
2.620964275590723, 
2.621463277943953, 
2.622357473086384, 
2.6234947996802696, 
2.6251223980181217, 
2.6269617751864764, 
2.629328614444312, 
2.6316455768966236, 
2.6343038884875516, 
2.6361455145753223, 
2.6377652926359128, 
2.637313153926788, 
2.6367680773474507, 
2.6355859979238185, 
2.6351441576013905, 
2.635022932044828, 
2.6361623409567922, 
2.6380999504917075, 
2.6416926423005394, 
2.6463018592181835, 
2.6529471685679455, 
2.6604775550614197, 
2.6701927264474046, 
2.6797182323488236, 
2.690663029280129, 
2.698267568454751, 
2.7049741278567034, 
2.703174490008027, 
2.7009956306491327, 
2.6961985745450776, 
2.6944426353848807, 
2.694005959850627, 
2.6987542235254804, 
2.706795445221467, 
2.721656288606131, 
2.740728871279746, 
2.768212431313131, 
2.7994041236655955, 
2.8396586335399774, 
2.879254897531271, 
2.924813508249857, 
2.9568043103521156, 
2.985238622765295, 
2.9788447011742547, 
2.970927044521635, 
2.9522757813370295, 
2.946088061954839, 
2.9453097701654865, 
2.965782534266994, 
2.9997655914045174, 
3.0616706322060914, 
3.140791180515297, 
3.2541604633154964, 
3.3824011650011605, 
3.5469747863816647, 
3.707972523422356, 
3.8916365590935875, 
4.019108447513438, 
4.130459356799461, 
4.103556325600828, 
4.069562405045405, 
3.993783695256498, 
3.962950820338682, 
3.9493428934970116, 
4.00759129885438, 
4.106238507612191, 
4.289770819486893, 
4.5143232478198065, 
4.826322116860665, 
5.151673883800126, 
5.543629565998184, 
5.874467202362877, 
6.213288761942544, 
6.370985935420023, 
6.467762166802437, 
6.294610119525194, 
6.121784139512733, 
5.901461726585665, 
5.74141346531494, 
5.598778686669738, 
5.5102837596190355, 
5.444456113493008, 
5.416508413160402, 
5.406363732495695, 
5.42346585428596, 
5.453866417093833, 
5.505477221431903, 
5.564185354714891, 
5.63699107134361, 
5.7029821199891115, 
5.7693827419921035, 
5.80584854271074, 
5.835557193990316, 
5.849308647688227, 
5.861487381985919, 
5.867208740611937, 
5.874121409995995, 
5.879082540891698, 
5.886332810485323, 
5.893765113910417, 
5.9040828173542925, 
5.915579625848271, 
5.930268115784052, 
5.945974813128527, 
5.964250196985528, 
5.981228005740356, 
5.998191214179072, 
6.008886234088294, 
6.01765635428395, 
6.022503875620932, 
6.026411261438999, 
6.028394002094606, 
6.030140738223404, 
6.031027575850922, 
6.031985968705171, 
6.0325775634885614, 
6.033345642426726, 
6.033926979041765, 
6.034676388653892, 
6.035178978300984, 
6.035699646057057, 
6.035612554460437, 
6.035197915294183, 
6.033550552137647, 
6.031516124996861, 
6.0287899525411435, 
6.0258117094641594, 
6.022322222846994, 
6.018395003292462, 
6.013763278957567, 
6.008244163706353, 
6.001582081855855, 
5.993403499369972, 
5.9835380202339445, 
5.971505069940634, 
5.957447124383359, 
5.9409845705565605, 
5.92307504213789, 
5.903738014166944, 
5.885212060740209, 
5.866998544221491, 
5.849781771490759, 
5.8324795191653225, 
5.814930452157369, 
5.795681422125651, 
5.774174208189611, 
5.7485592277904685, 
5.718147081348571, 
5.680583859596739, 
5.635506884273555, 
5.580187819367117, 
5.515851455759051, 
5.440227649093943, 
5.358959874026471, 
5.271502346796479, 
5.1908257831473845, 
5.112049903364417, 
5.039371708957967, 
4.965491298360985, 
4.890300643368415, 
4.805112822758717, 
4.707666542727486, 
4.586903590281766, 
4.439289320955963, 
4.249337510436666, 
4.014152761237285, 
3.712317699221046, 
3.35000853662841, 
2.90344422161507, 
2.4185017844036607, 
1.8844896829587943, 
1.461069331244032, 
1.0860041083847807, 
0.8583275676097522, 
0.6870224687713689, 
0.6280290383976259, 
0.5888723095372994, 
0.6036806812327036, 
0.5982781102050905, 
0.6024642316477383, 
0.5651722855472772, 
0.5278009404414385, 
0.4647502242177023, 
0.4626437621483567, 
0.5482079060752667, 
0.6777132811671202, 
0.85341710057565, 
0.8469869761835189, 
0.8067547898693065, 
0.6511938846874366, 
0.5150010667821123, 
0.3646579770027552, 
0.30194102438962034, 
0.3284374489789286, 
0.36461650961824205, 
0.412488217456164, 
0.43015895012481364, 
0.4357800078420331, 
0.4054149774752834, 
0.3688770042291219, 
0.3083647441537504, 
0.2749464924292355, 
0.24917754260622657, 
0.29313210879579327, 
0.3511621138470476, 
0.44593302628120446, 
0.5301889963505885, 
0.618836293606942, 
0.6874108279313009, 
0.7482504787311288, 
0.7889987421565653, 
0.8197373271263949, 
0.8332126276989448, 
0.8384886004277369, 
0.8299709095280889, 
0.8185267324140144, 
0.7988369140668783, 
0.7878614862996618, 
0.7785143580410214, 
0.7958237334030099, 
0.8157310166597691, 
0.8457370803183216, 
0.8703306157661517, 
0.8946111091516397, 
0.9101217319788122, 
0.9213380999613702, 
0.9230649262638191, 
0.9196000917737605, 
0.9065933777366485, 
0.8893775989070589, 
0.8632984796217246, 
0.837253982827893, 
0.8058532888349531, 
0.7854909208218114, 
0.7681147347474473, 
0.7790324800509788, 
0.7915671303981576, 
0.813124418449052, 
0.8257430884344661, 
0.835096575388094, 
0.8297121199741682, 
0.8156645331417632, 
0.7833856247445796, 
0.7408673467567015, 
0.6774982314358893, 
0.6069292441761811, 
0.5162571795041424, 
0.4322162029436456, 
0.33925605000131576, 
0.28808851100547117, 
0.25491788550866795, 
0.28752643476296946, 
0.32966420820113096, 
0.400100627834156, 
0.44552694309511753, 
0.4835951314853169, 
0.4835471248749284, 
0.46806741549006997, 
0.4166237808732442, 
0.3653261033003231, 
0.30279976103889866, 
0.30078632150919743, 
0.37447052205121895, 
0.45310892339134806, 
0.5632484869490002, 
0.5831638573785913, 
0.6002432458588303, 
0.5037589104363324, 
0.5437844757234637, 
0.722456301818406, 
0.9069932501026022, 
1.100875413173634, 
1.2573689785270616, 
1.393713009932669, 
1.4934862557233632, 
1.5730826786676193, 
1.6254428889857178, 
1.6644308244725066, 
1.6852888190238051, 
1.702152831978072, 
1.7101549580870494, 
1.7277875969630914, 
1.7472060641045004, 
1.792197046033448, 
1.8374325833382528, 
1.8895159860080561, 
1.9339918170122747, 
1.9758853182667362, 
2.0087038184263712, 
2.036762378222695, 
2.0572508253283717, 
2.073580104362058, 
2.0843169101448806, 
2.0922778608972292, 
2.096407057181342, 
2.0996453373049313, 
2.1009076529588584, 
2.104221206677532, 
2.1078971195036202, 
2.11739858399535, 
2.1270563833281613, 
2.1384482596459353, 
2.1481554412719284, 
2.157340510943387, 
2.1643547671163423, 
2.1702070801398956, 
2.174090820781149, 
2.1768455606480335, 
2.1779640749999603, 
2.1782300430405073, 
2.1771909273296703, 
2.1758415775174336, 
2.1736951630763564, 
2.1723635319034136, 
2.1711427169658966, 
2.172439498732963, 
2.173853682952076, 
2.176091874620606, 
2.177554172386581, 
2.178726025743149, 
2.1786327389916207, 
2.1777190932476396, 
2.1752335925889468, 
2.1716622248154462, 
2.166213535448151, 
2.159642321624783, 
2.1510055834514463, 
2.1418335072269508, 
2.131046732107016, 
2.121819443164073, 
2.1127009249167616, 
2.1089668214427055, 
2.1055761392763976, 
2.104102336267917, 
2.1008137903199096, 
2.0967063102793597, 
2.0890436389011127, 
2.07878210474641, 
2.063294470476797, 
2.043873823735771, 
2.017335857494097, 
1.9862342930473331, 
1.946542315540417, 
1.9042214842741605, 
1.8546016347077874, 
1.8110770611556202, 
1.767582952745639, 
1.747762369805341, 
1.7296178453058557, 
1.7204953108533088, 
1.703121894795314, 
1.6819620544886287, 
1.6436609304429535, 
1.5924818078620855, 
1.5151555364502547, 
1.417927639857257, 
1.2848280397399465, 
1.1305148763197541, 
0.9374985723171734, 
0.7481766447303703, 
0.556348428067361, 
0.48412701512634104, 
0.5598831982076812, 
0.538365078165181, 
0.5207647146498577, 
0.41987420841656425, 
0.35393989686399385, 
0.29924083286957565, 
0.31078485356897684, 
0.3772924735168017, 
0.4305328165821256, 
0.48268800327613853, 
0.49896227668646104, 
0.4996187644415237, 
0.4625282551924249, 
0.41747583924502657, 
0.3469017063807368, 
0.30196157752294506, 
0.2631922178433031, 
0.30230322823456257, 
0.3561230365047946, 
0.4492131014743692, 
0.533031043662797, 
0.6231260590940895, 
0.6938427095772357, 
0.7577923639055307, 
0.8020377776982367, 
0.8367330502678918, 
0.8545876562435436, 
0.8643965496205201, 
0.860919564272778, 
0.8541032544113355, 
0.8392832838317408, 
0.8314050752203754, 
0.8245822839212046, 
0.840689368411316, 
0.8595104840683137, 
0.8876854721843898, 
0.9123586528996374, 
0.9378412242938847, 
0.9576242031063416, 
0.9751812470896862, 
0.9873206354463422, 
0.9967794272072933, 
1.001776099644712, 
1.0046270301047246, 
1.0040430871257704, 
1.0025875009750522, 
0.9990973880593689, 
0.9973579514277409, 
0.9958759962833477, 
1.0001212854674755, 
1.0050038334596298, 
1.0121723431466119, 
1.0184249967456092, 
1.0248405363180153, 
1.0298128488972098, 
1.0342114282105104, 
1.0372539126021953, 
1.0396229117361597, 
1.0408830924211145, 
1.0416093632353356, 
1.0414866215005265, 
1.0411477204981188, 
1.0403078361192728, 
1.0398974624439186, 
1.0395496684587118, 
1.040604893389019, 
1.041814308004722, 
1.04358131587446, 
1.0451225727523445, 
1.0467023506426, 
1.0479290976641977, 
1.0490155438364905, 
1.0497720900092309, 
1.050364870401566, 
1.0506894503372812, 
1.0508838293854186, 
1.050872941257838, 
1.0508049033106306, 
1.0506106450561856, 
1.0505019972498448, 
1.0503851462527465, 
1.0505543019529868, 
1.0506925669758789, 
1.050841672837441, 
1.05073099686436, 
1.0502592780735, 
1.0490530169385983, 
1.0466536051465232, 
1.0421275084780546, 
1.033927109174853, 
1.0192393476037034, 
0.9931431682407594, 
0.9468930391478256, 
0.8650554530939095, 
0.7203232566132813, 
0.46443926852131007, 
0.0, 
